1	11
2	19
3	25
4	1
5	38
6	28
7	36
8	8
9	3
10	2
11	31
12	5
13	56
14	4
15	2
16	38
17	54
18	62
19	5
20	15
21	4
22	23
23	22
24	22
25	8
26	51
27	59
28	23
29	36
30	7
31	1
32	3
33	5
34	11
35	21
36	15
37	16
38	40
39	29
40	44
41	11
42	63
43	6
44	33
45	13
46	2
47	43
48	33
49	1
50	39
51	3
52	5
53	1
54	12
55	12
56	39
57	53
58	26
59	13
60	28
61	33
62	48
63	21
64	11
65	14
66	1
67	3
68	10
69	16
70	19
71	13
72	5
73	6
74	34
75	3
76	22
77	10
78	23
79	1
80	22
81	6
82	7
83	4
84	20
85	12
86	8
87	23
88	32
89	3
90	4
91	5
92	7
93	27
94	1
95	17
96	13
97	23
98	36
99	47
100	16
101	3
102	25
103	22
104	13
105	9
106	14
107	1
108	3
109	5
110	6
111	2
112	13
113	23
114	22
115	29
116	7
117	9
118	1
119	14
120	10
121	61
122	10
123	56
124	3
125	23
126	4
127	49
128	12
129	57
130	9
131	3
132	1
133	1
134	8
135	13
136	6
137	52
138	4
139	6
140	49
141	6
142	10
143	18
144	7
145	1
146	60
147	1
148	24
149	44
150	43
151	4
152	5
153	2
154	54
155	3
156	38
157	64
158	20
159	10
160	56
161	4
162	24
163	16
164	8
165	24
166	16
167	33
168	11
169	22
170	9
171	43
172	47
173	2
174	8
175	13
176	30
177	6
178	49
179	44
180	1
181	7
182	8
183	31
184	5
185	19
186	7
187	62
188	11
189	3
190	31
191	5
192	50
193	14
194	57
195	5
196	14
197	8
198	16
199	7
200	31
201	8
202	41
203	40
204	61
205	21
206	44
207	34
208	14
209	61
210	26
211	21
212	37
213	22
214	61
215	4
216	34
217	6
218	5
219	28
220	12
221	2
222	2
223	20
224	3
225	8
226	1
227	22
228	4
229	1
230	36
231	4
232	5
233	4
234	26
235	1
236	32
237	62
238	41
239	5
240	43
241	6
242	5
243	10
244	10
245	27
246	17
247	12
248	17
249	26
250	48
251	44
252	9
253	11
254	26
255	11
256	1
257	2
258	4
259	27
260	50
261	3
262	8
263	1
264	2
265	2
266	6
267	27
268	23
269	17
270	2
271	14
272	9
273	12
274	3
275	13
276	6
277	16
278	40
279	7
280	55
281	38
282	44
283	40
284	10
285	1
286	1
287	41
288	11
289	16
290	12
291	5
292	2
293	5
294	4
295	6
296	46
297	22
298	7
299	27
300	35
301	2
302	8
303	5
304	4
305	7
306	46
307	6
308	29
309	22
310	21
311	24
312	24
313	15
314	63
315	58
316	12
317	49
318	19
319	24
320	1
321	14
322	18
323	26
324	21
325	2
326	20
327	4
328	1
329	10
330	14
331	3
332	20
333	1
334	8
335	7
336	9
337	5
338	4
339	26
340	1
341	25
342	22
343	60
344	28
345	43
346	1
347	3
348	48
349	37
350	7
351	30
352	24
353	26
354	8
355	12
356	1
357	4
358	31
359	3
360	32
361	30
362	35
363	57
364	1
365	11
366	11
367	4
368	3
369	3
370	5
371	41
372	37
373	9
374	26
375	2
376	3
377	44
378	8
379	10
380	6
381	40
382	14
383	40
384	27
385	43
386	58
387	2
388	23
389	13
390	6
391	25
392	61
393	8
394	30
395	4
396	1
397	1
398	16
399	28
400	16
401	2
402	14
403	8
404	2
405	2
406	24
407	7
408	11
409	19
410	2
411	11
412	3
413	33
414	1
415	2
416	14
417	26
418	7
419	53
420	3
421	14
422	46
423	18
424	48
425	3
426	2
427	9
428	38
429	58
430	43
431	27
432	26
433	10
434	13
435	8
436	11
437	61
438	4
439	27
440	1
441	8
442	15
443	20
444	5
445	9
446	2
447	14
448	2
449	19
450	25
451	8
452	1
453	27
454	39
455	34
456	54
457	9
458	60
459	6
460	12
461	20
462	13
463	25
464	3
465	3
466	37
467	28
468	4
469	24
470	5
471	27
472	59
473	26
474	3
475	21
476	10
477	31
478	1
479	34
480	3
481	4
482	7
483	27
484	21
485	2
486	31
487	36
488	23
489	5
490	23
491	5
492	30
493	13
494	5
495	3
496	1
497	6
498	36
499	17
500	51
501	46
502	6
503	4
504	3
505	33
506	22
507	14
508	4
509	15
510	26
511	6
512	33
513	37
514	60
515	18
516	13
517	48
518	42
519	8
520	7
521	18
522	47
523	12
524	3
525	12
526	43
527	4
528	11
529	6
530	6
531	13
532	1
533	8
534	5
535	4
536	2
537	20
538	14
539	25
540	4
541	7
542	24
543	17
544	10
545	20
546	59
547	6
548	51
549	4
550	3
551	5
552	17
553	36
554	38
555	42
556	45
557	14
558	3
559	23
560	7
561	43
562	13
563	29
564	12
565	8
566	25
567	54
568	5
569	5
570	8
571	4
572	26
573	23
574	9
575	23
576	14
577	29
578	2
579	21
580	1
581	36
582	6
583	1
584	1
585	52
586	8
587	14
588	33
589	4
590	56
591	1
592	34
593	15
594	1
595	3
596	34
597	4
598	3
599	4
600	36
601	20
602	4
603	8
604	55
605	9
606	13
607	9
608	1
609	49
610	33
611	4
612	5
613	35
614	28
615	15
616	7
617	18
618	15
619	4
620	56
621	6
622	33
623	37
624	23
625	38
626	7
627	32
628	39
629	11
630	10
631	15
632	7
633	35
634	42
635	11
636	60
637	63
638	57
639	21
640	4
641	8
642	19
643	2
644	29
645	28
646	22
647	21
648	25
649	26
650	7
651	1
652	4
653	5
654	4
655	58
656	17
657	43
658	35
659	26
660	13
661	7
662	4
663	3
664	1
665	39
666	13
667	26
668	8
669	16
670	50
671	9
672	1
673	41
674	16
675	2
676	4
677	10
678	24
679	48
680	9
681	1
682	55
683	9
684	3
685	57
686	48
687	31
688	14
689	5
690	9
691	15
692	2
693	7
694	20
695	21
696	25
697	52
698	8
699	15
700	51
701	19
702	33
703	10
704	20
705	47
706	8
707	3
708	33
709	47
710	8
711	36
712	4
713	16
714	5
715	4
716	12
717	7
718	1
719	8
720	17
721	38
722	36
723	7
724	5
725	62
726	5
727	3
728	7
729	1
730	3
731	29
732	32
733	49
734	4
735	29
736	35
737	5
738	7
739	9
740	7
741	52
742	17
743	42
744	21
745	23
746	17
747	22
748	12
749	4
750	1
751	3
752	6
753	5
754	13
755	21
756	2
757	1
758	41
759	13
760	3
761	34
762	33
763	1
764	15
765	8
766	58
767	2
768	4
769	64
770	45
771	2
772	9
773	29
774	37
775	17
776	7
777	49
778	1
779	9
780	20
781	6
782	1
783	5
784	3
785	31
786	4
787	1
788	1
789	34
790	6
791	14
792	3
793	16
794	3
795	30
796	59
797	1
798	5
799	2
800	56
801	18
802	42
803	3
804	55
805	43
806	37
807	21
808	2
809	1
810	62
811	1
812	1
813	19
814	4
815	41
816	3
817	23
818	15
819	13
820	2
821	21
822	15
823	5
824	6
825	3
826	1
827	21
828	8
829	2
830	4
831	3
832	5
833	11
834	20
835	40
836	60
837	33
838	10
839	5
840	31
841	19
842	38
843	57
844	3
845	2
846	2
847	24
848	53
849	16
850	6
851	6
852	6
853	6
854	6
855	53
856	9
857	10
858	4
859	2
860	55
861	21
862	9
863	30
864	9
865	7
866	2
867	16
868	15
869	25
870	15
871	25
872	2
873	3
874	4
875	9
876	32
877	6
878	21
879	5
880	2
881	2
882	3
883	26
884	1
885	56
886	29
887	29
888	2
889	40
890	41
891	30
892	49
893	34
894	30
895	32
896	1
897	6
898	32
899	14
900	15
901	35
902	22
903	4
904	20
905	11
906	8
907	52
908	37
909	1
910	19
911	8
912	2
913	37
914	27
915	12
916	17
917	49
918	10
919	5
920	19
921	38
922	34
923	8
924	2
925	28
926	23
927	36
928	7
929	45
930	9
931	4
932	11
933	49
934	10
935	62
936	21
937	1
938	2
939	24
940	2
941	43
942	39
943	54
944	1
945	54
946	49
947	12
948	39
949	17
950	40
951	30
952	33
953	8
954	9
955	26
956	43
957	2
958	24
959	5
960	3
961	4
962	39
963	57
964	56
965	2
966	39
967	35
968	1
969	29
970	12
971	1
972	34
973	11
974	1
975	18
976	7
977	19
978	2
979	1
980	6
981	61
982	7
983	9
984	11
985	30
986	63
987	46
988	29
989	6
990	36
991	41
992	60
993	13
994	55
995	6
996	13
997	2
998	15
999	51
1000	15
1001	16
1002	14
1003	2
1004	32
1005	6
1006	48
1007	24
1008	16
1009	4
1010	33
1011	49
1012	25
1013	14
1014	5
1015	5
1016	30
1017	42
1018	54
1019	2
1020	4
1021	6
1022	15
1023	1
1024	7
1025	3
1026	38
1027	2
1028	18
1029	29
1030	22
1031	7
1032	21
1033	8
1034	36
1035	9
1036	48
1037	5
1038	11
1039	8
1040	12
1041	4
1042	25
1043	58
1044	2
1045	6
1046	7
1047	1
1048	27
1049	16
1050	35
1051	20
1052	35
1053	39
1054	25
1055	2
1056	3
1057	44
1058	34
1059	32
1060	7
1061	48
1062	27
1063	5
1064	34
1065	2
1066	11
1067	7
1068	39
1069	36
1070	23
1071	8
1072	40
1073	14
1074	26
1075	19
1076	6
1077	12
1078	42
1079	11
1080	35
1081	17
1082	64
1083	39
1084	6
1085	16
1086	4
1087	26
1088	19
1089	59
1090	4
1091	19
1092	5
1093	10
1094	12
1095	11
1096	12
1097	35
1098	1
1099	1
1100	8
1101	18
1102	20
1103	9
1104	25
1105	39
1106	26
1107	3
1108	61
1109	3
1110	1
1111	36
1112	45
1113	6
1114	7
1115	3
1116	37
1117	60
1118	26
1119	9
1120	9
1121	12
1122	6
1123	3
1124	34
1125	29
1126	35
1127	4
1128	10
1129	11
1130	5
1131	36
1132	39
1133	38
1134	32
1135	15
1136	22
1137	28
1138	4
1139	41
1140	3
1141	3
1142	26
1143	46
1144	20
1145	48
1146	17
1147	6
1148	9
1149	24
1150	6
1151	3
1152	3
1153	18
1154	4
1155	13
1156	59
1157	12
1158	1
1159	18
1160	63
1161	6
1162	56
1163	13
1164	6
1165	4
1166	6
1167	27
1168	1
1169	3
1170	6
1171	36
1172	33
1173	56
1174	2
1175	5
1176	21
1177	24
1178	44
1179	3
1180	25
1181	4
1182	3
1183	6
1184	45
1185	40
1186	34
1187	63
1188	43
1189	33
1190	1
1191	23
1192	8
1193	25
1194	7
1195	19
1196	33
1197	12
1198	8
1199	37
1200	5
1201	16
1202	57
1203	4
1204	37
1205	33
1206	28
1207	10
1208	55
1209	16
1210	11
1211	48
1212	25
1213	15
1214	3
1215	1
1216	6
1217	5
1218	12
1219	63
1220	12
1221	2
1222	8
1223	26
1224	2
1225	47
1226	6
1227	27
1228	31
1229	9
1230	3
1231	24
1232	7
1233	51
1234	12
1235	18
1236	5
1237	23
1238	8
1239	29
1240	21
1241	37
1242	23
1243	51
1244	6
1245	2
1246	6
1247	16
1248	3
1249	11
1250	26
1251	3
1252	17
1253	55
1254	17
1255	2
1256	7
1257	45
1258	10
1259	16
1260	8
1261	17
1262	3
1263	25
1264	16
1265	28
1266	22
1267	22
1268	36
1269	4
1270	34
1271	35
1272	2
1273	2
1274	10
1275	43
1276	42
1277	6
1278	2
1279	15
1280	1
1281	24
1282	13
1283	6
1284	17
1285	10
1286	2
1287	1
1288	3
1289	6
1290	43
1291	13
1292	35
1293	3
1294	1
1295	1
1296	2
1297	50
1298	56
1299	30
1300	3
1301	49
1302	2
1303	54
1304	1
1305	26
1306	10
1307	37
1308	2
1309	1
1310	49
1311	14
1312	7
1313	44
1314	35
1315	12
1316	11
1317	37
1318	2
1319	3
1320	2
1321	22
1322	2
1323	7
1324	1
1325	16
1326	40
1327	4
1328	8
1329	6
1330	30
1331	33
1332	28
1333	47
1334	17
1335	1
1336	8
1337	30
1338	4
1339	1
1340	20
1341	1
1342	33
1343	23
1344	51
1345	59
1346	7
1347	3
1348	54
1349	3
1350	15
1351	31
1352	49
1353	4
1354	6
1355	11
1356	3
1357	57
1358	13
1359	23
1360	8
1361	5
1362	25
1363	11
1364	2
1365	17
1366	4
1367	12
1368	16
1369	41
1370	1
1371	62
1372	50
1373	4
1374	18
1375	28
1376	4
1377	8
1378	1
1379	2
1380	50
1381	19
1382	40
1383	7
1384	5
1385	18
1386	40
1387	9
1388	29
1389	2
1390	7
1391	62
1392	18
1393	15
1394	6
1395	48
1396	10
1397	23
1398	3
1399	43
1400	4
1401	4
1402	34
1403	7
1404	20
1405	2
1406	6
1407	35
1408	12
1409	40
1410	30
1411	8
1412	53
1413	13
1414	6
1415	21
1416	7
1417	46
1418	52
1419	1
1420	18
1421	15
1422	1
1423	2
1424	13
1425	8
1426	1
1427	23
1428	10
1429	3
1430	26
1431	10
1432	64
1433	53
1434	27
1435	2
1436	27
1437	36
1438	25
1439	19
1440	2
1441	3
1442	19
1443	9
1444	27
1445	1
1446	8
1447	4
1448	5
1449	22
1450	53
1451	7
1452	17
1453	15
1454	22
1455	42
1456	7
1457	3
1458	11
1459	10
1460	20
1461	7
1462	19
1463	42
1464	13
1465	1
1466	11
1467	15
1468	9
1469	40
1470	1
1471	5
1472	38
1473	52
1474	1
1475	4
1476	2
1477	4
1478	42
1479	27
1480	2
1481	22
1482	49
1483	16
1484	5
1485	2
1486	19
1487	2
1488	8
1489	10
1490	29
1491	2
1492	4
1493	10
1494	2
1495	29
1496	1
1497	33
1498	6
1499	10
1500	11
1501	26
1502	5
1503	3
1504	17
1505	11
1506	2
1507	12
1508	14
1509	1
1510	2
1511	21
1512	25
1513	4
1514	10
1515	27
1516	51
1517	6
1518	6
1519	53
1520	34
1521	7
1522	51
1523	24
1524	2
1525	38
1526	16
1527	20
1528	48
1529	30
1530	23
1531	20
1532	46
1533	2
1534	14
1535	7
1536	1
1537	10
1538	25
1539	3
1540	10
1541	5
1542	1
1543	57
1544	52
1545	3
1546	18
1547	47
1548	60
1549	35
1550	23
1551	44
1552	3
1553	10
1554	1
1555	10
1556	25
1557	30
1558	9
1559	10
1560	18
1561	2
1562	44
1563	9
1564	22
1565	50
1566	10
1567	7
1568	6
1569	13
1570	16
1571	36
1572	4
1573	13
1574	4
1575	3
1576	5
1577	43
1578	25
1579	64
1580	34
1581	45
1582	2
1583	19
1584	5
1585	27
1586	25
1587	54
1588	20
1589	21
1590	10
1591	20
1592	7
1593	2
1594	6
1595	5
1596	35
1597	10
1598	5
1599	4
1600	8
1601	4
1602	10
1603	1
1604	42
1605	11
1606	43
1607	5
1608	9
1609	3
1610	22
1611	6
1612	45
1613	4
1614	2
1615	23
1616	15
1617	55
1618	13
1619	9
1620	18
1621	24
1622	35
1623	16
1624	27
1625	28
1626	2
1627	32
1628	1
1629	25
1630	61
1631	8
1632	7
1633	23
1634	51
1635	27
1636	4
1637	18
1638	3
1639	19
1640	7
1641	62
1642	28
1643	55
1644	47
1645	3
1646	19
1647	31
1648	3
1649	4
1650	4
1651	1
1652	25
1653	30
1654	1
1655	62
1656	38
1657	13
1658	19
1659	12
1660	14
1661	26
1662	3
1663	2
1664	12
1665	2
1666	6
1667	5
1668	8
1669	1
1670	1
1671	20
1672	28
1673	27
1674	2
1675	3
1676	51
1677	51
1678	2
1679	1
1680	3
1681	30
1682	1
1683	21
1684	29
1685	29
1686	7
1687	2
1688	21
1689	26
1690	9
1691	16
1692	42
1693	7
1694	7
1695	48
1696	30
1697	7
1698	17
1699	13
1700	16
1701	8
1702	48
1703	10
1704	20
1705	43
1706	30
1707	11
1708	40
1709	44
1710	12
1711	8
1712	25
1713	1
1714	2
1715	7
1716	55
1717	11
1718	39
1719	1
1720	1
1721	37
1722	1
1723	14
1724	24
1725	54
1726	7
1727	38
1728	12
1729	7
1730	9
1731	6
1732	12
1733	9
1734	43
1735	52
1736	15
1737	2
1738	51
1739	43
1740	8
1741	2
1742	6
1743	37
1744	19
1745	49
1746	9
1747	22
1748	4
1749	2
1750	24
1751	30
1752	6
1753	13
1754	9
1755	3
1756	6
1757	42
1758	61
1759	11
1760	1
1761	26
1762	13
1763	10
1764	12
1765	7
1766	6
1767	2
1768	4
1769	42
1770	32
1771	5
1772	23
1773	3
1774	59
1775	26
1776	54
1777	4
1778	2
1779	2
1780	7
1781	1
1782	11
1783	9
1784	10
1785	13
1786	36
1787	37
1788	7
1789	4
1790	8
1791	52
1792	17
1793	30
1794	4
1795	45
1796	13
1797	13
1798	18
1799	5
1800	37
1801	15
1802	25
1803	4
1804	7
1805	12
1806	3
1807	20
1808	41
1809	31
1810	1
1811	5
1812	1
1813	13
1814	52
1815	5
1816	18
1817	16
1818	52
1819	1
1820	48
1821	20
1822	41
1823	20
1824	64
1825	4
1826	9
1827	43
1828	2
1829	15
1830	49
1831	19
1832	1
1833	16
1834	19
1835	14
1836	50
1837	45
1838	3
1839	1
1840	34
1841	8
1842	5
1843	47
1844	1
1845	23
1846	19
1847	6
1848	7
1849	21
1850	36
1851	1
1852	11
1853	31
1854	24
1855	1
1856	24
1857	6
1858	8
1859	37
1860	19
1861	27
1862	17
1863	4
1864	14
1865	44
1866	45
1867	2
1868	1
1869	4
1870	11
1871	7
1872	1
1873	22
1874	24
1875	28
1876	38
1877	41
1878	6
1879	16
1880	3
1881	44
1882	62
1883	24
1884	12
1885	16
1886	10
1887	6
1888	15
1889	31
1890	32
1891	46
1892	7
1893	25
1894	6
1895	10
1896	14
1897	2
1898	7
1899	15
1900	1
1901	41
1902	17
1903	39
1904	52
1905	1
1906	8
1907	29
1908	19
1909	11
1910	46
1911	7
1912	7
1913	15
1914	3
1915	1
1916	14
1917	7
1918	48
1919	5
1920	1
1921	3
1922	32
1923	25
1924	63
1925	4
1926	33
1927	46
1928	1
1929	19
1930	42
1931	30
1932	1
1933	61
1934	26
1935	38
1936	7
1937	30
1938	18
1939	32
1940	4
1941	8
1942	1
1943	15
1944	4
1945	19
1946	11
1947	64
1948	30
1949	15
1950	55
1951	3
1952	5
1953	14
1954	11
1955	29
1956	23
1957	16
1958	14
1959	30
1960	4
1961	1
1962	47
1963	50
1964	6
1965	36
1966	64
1967	38
1968	7
1969	5
1970	12
1971	15
1972	25
1973	4
1974	46
1975	10
1976	61
1977	57
1978	4
1979	1
1980	50
1981	16
1982	10
1983	3
1984	10
1985	26
1986	3
1987	2
1988	2
1989	2
1990	7
1991	1
1992	55
1993	6
1994	1
1995	60
1996	18
1997	48
1998	1
1999	37
2000	35
2001	20
2002	12
2003	1
2004	6
2005	44
2006	2
2007	7
2008	9
2009	33
2010	3
2011	4
2012	8
2013	4
2014	31
2015	28
2016	12
2017	18
2018	1
2019	38
2020	42
2021	5
2022	3
2023	43
2024	38
2025	28
2026	8
2027	1
2028	22
2029	26
2030	35
2031	3
2032	9
2033	49
2034	8
2035	5
2036	15
2037	14
2038	7
2039	51
2040	7
2041	56
2042	27
2043	7
2044	3
2045	29
2046	3
2047	10
2048	32
2049	3
2050	20
2051	60
2052	45
2053	1
2054	3
2055	31
2056	15
2057	3
2058	50
2059	39
2060	10
2061	17
2062	3
2063	8
2064	45
2065	13
2066	26
2067	51
2068	9
2069	30
2070	1
2071	4
2072	41
2073	19
2074	5
2075	7
2076	3
2077	4
2078	16
2079	40
2080	2
2081	2
2082	6
2083	43
2084	45
2085	42
2086	28
2087	24
2088	53
2089	29
2090	37
2091	4
2092	7
2093	2
2094	16
2095	16
2096	6
2097	42
2098	7
2099	56
2100	5
2101	2
2102	4
2103	9
2104	35
2105	16
2106	30
2107	39
2108	1
2109	41
2110	5
2111	7
2112	15
2113	7
2114	58
2115	17
2116	38
2117	1
2118	19
2119	24
2120	13
2121	38
2122	2
2123	24
2124	36
2125	3
2126	12
2127	7
2128	26
2129	34
2130	2
2131	53
2132	33
2133	1
2134	55
2135	32
2136	1
2137	6
2138	30
2139	21
2140	7
2141	3
2142	47
2143	61
2144	51
2145	2
2146	9
2147	1
2148	7
2149	24
2150	33
2151	1
2152	50
2153	4
2154	5
2155	26
2156	35
2157	58
2158	7
2159	8
2160	11
2161	27
2162	62
2163	12
2164	4
2165	36
2166	39
2167	10
2168	16
2169	8
2170	51
2171	6
2172	3
2173	39
2174	30
2175	26
2176	7
2177	19
2178	60
2179	13
2180	1
2181	32
2182	16
2183	2
2184	2
2185	2
2186	60
2187	11
2188	16
2189	23
2190	11
2191	15
2192	26
2193	8
2194	33
2195	20
2196	4
2197	2
2198	14
2199	14
2200	24
2201	19
2202	42
2203	2
2204	19
2205	3
2206	5
2207	32
2208	8
2209	12
2210	29
2211	8
2212	32
2213	16
2214	22
2215	5
2216	37
2217	1
2218	4
2219	38
2220	8
2221	25
2222	23
2223	20
2224	25
2225	16
2226	24
2227	7
2228	8
2229	12
2230	52
2231	44
2232	5
2233	7
2234	17
2235	5
2236	3
2237	22
2238	33
2239	8
2240	32
2241	8
2242	8
2243	43
2244	34
2245	20
2246	10
2247	44
2248	1
2249	27
2250	37
2251	13
2252	19
2253	6
2254	9
2255	37
2256	40
2257	2
2258	1
2259	7
2260	35
2261	37
2262	8
2263	13
2264	39
2265	3
2266	6
2267	3
2268	15
2269	55
2270	25
2271	37
2272	34
2273	6
2274	15
2275	42
2276	28
2277	14
2278	34
2279	6
2280	7
2281	34
2282	5
2283	64
2284	12
2285	10
2286	34
2287	10
2288	3
2289	45
2290	60
2291	57
2292	2
2293	21
2294	6
2295	16
2296	48
2297	24
2298	58
2299	29
2300	53
2301	12
2302	1
2303	3
2304	2
2305	19
2306	3
2307	6
2308	2
2309	60
2310	17
2311	15
2312	1
2313	17
2314	15
2315	43
2316	18
2317	56
2318	7
2319	5
2320	1
2321	10
2322	10
2323	6
2324	21
2325	3
2326	32
2327	7
2328	21
2329	3
2330	6
2331	3
2332	40
2333	7
2334	5
2335	40
2336	42
2337	52
2338	29
2339	48
2340	48
2341	2
2342	13
2343	4
2344	2
2345	53
2346	16
2347	8
2348	10
2349	60
2350	16
2351	19
2352	26
2353	7
2354	13
2355	8
2356	14
2357	54
2358	19
2359	5
2360	8
2361	26
2362	32
2363	11
2364	29
2365	17
2366	9
2367	13
2368	3
2369	26
2370	14
2371	41
2372	15
2373	4
2374	14
2375	8
2376	6
2377	16
2378	4
2379	52
2380	23
2381	38
2382	2
2383	12
2384	17
2385	7
2386	8
2387	7
2388	2
2389	8
2390	35
2391	25
2392	60
2393	45
2394	19
2395	51
2396	50
2397	4
2398	13
2399	8
2400	9
2401	59
2402	7
2403	26
2404	21
2405	20
2406	32
2407	61
2408	8
2409	31
2410	7
2411	2
2412	34
2413	5
2414	12
2415	55
2416	1
2417	6
2418	26
2419	48
2420	3
2421	30
2422	8
2423	18
2424	3
2425	14
2426	13
2427	47
2428	64
2429	40
2430	10
2431	16
2432	48
2433	2
2434	8
2435	33
2436	3
2437	23
2438	50
2439	10
2440	63
2441	7
2442	56
2443	14
2444	6
2445	4
2446	17
2447	12
2448	48
2449	5
2450	2
2451	49
2452	3
2453	53
2454	27
2455	1
2456	5
2457	1
2458	4
2459	60
2460	9
2461	46
2462	1
2463	5
2464	4
2465	17
2466	27
2467	7
2468	8
2469	17
2470	7
2471	45
2472	4
2473	2
2474	26
2475	25
2476	61
2477	5
2478	35
2479	3
2480	29
2481	8
2482	20
2483	17
2484	10
2485	11
2486	21
2487	2
2488	11
2489	9
2490	1
2491	5
2492	11
2493	23
2494	4
2495	14
2496	55
2497	36
2498	9
2499	2
2500	4
2501	17
2502	42
2503	6
2504	3
2505	7
2506	1
2507	19
2508	15
2509	32
2510	1
2511	13
2512	39
2513	6
2514	30
2515	9
2516	40
2517	8
2518	12
2519	46
2520	32
2521	8
2522	31
2523	19
2524	14
2525	1
2526	6
2527	17
2528	41
2529	30
2530	3
2531	9
2532	27
2533	27
2534	44
2535	12
2536	2
2537	21
2538	3
2539	51
2540	15
2541	1
2542	1
2543	48
2544	55
2545	16
2546	2
2547	40
2548	6
2549	38
2550	19
2551	4
2552	5
2553	4
2554	5
2555	57
2556	11
2557	3
2558	4
2559	2
2560	25
2561	24
2562	8
2563	14
2564	25
2565	51
2566	10
2567	31
2568	48
2569	10
2570	54
2571	39
2572	32
2573	13
2574	18
2575	21
2576	3
2577	61
2578	41
2579	6
2580	27
2581	3
2582	4
2583	35
2584	1
2585	17
2586	1
2587	20
2588	5
2589	1
2590	17
2591	1
2592	47
2593	5
2594	6
2595	2
2596	15
2597	1
2598	6
2599	2
2600	25
2601	3
2602	16
2603	52
2604	20
2605	26
2606	3
2607	1
2608	8
2609	20
2610	50
2611	20
2612	6
2613	20
2614	7
2615	10
2616	48
2617	26
2618	2
2619	19
2620	10
2621	8
2622	16
2623	21
2624	12
2625	31
2626	4
2627	50
2628	7
2629	16
2630	22
2631	50
2632	5
2633	33
2634	5
2635	50
2636	49
2637	4
2638	19
2639	45
2640	7
2641	24
2642	16
2643	1
2644	3
2645	24
2646	12
2647	19
2648	36
2649	6
2650	8
2651	53
2652	19
2653	2
2654	2
2655	4
2656	28
2657	1
2658	11
2659	39
2660	58
2661	21
2662	26
2663	2
2664	61
2665	3
2666	14
2667	6
2668	55
2669	8
2670	54
2671	45
2672	18
2673	16
2674	4
2675	6
2676	8
2677	15
2678	6
2679	2
2680	7
2681	44
2682	12
2683	2
2684	39
2685	18
2686	58
2687	2
2688	40
2689	4
2690	9
2691	22
2692	50
2693	1
2694	4
2695	54
2696	2
2697	11
2698	35
2699	7
2700	11
2701	9
2702	33
2703	7
2704	11
2705	58
2706	32
2707	27
2708	41
2709	2
2710	5
2711	18
2712	34
2713	56
2714	11
2715	5
2716	4
2717	9
2718	28
2719	1
2720	3
2721	1
2722	43
2723	7
2724	3
2725	6
2726	58
2727	1
2728	7
2729	45
2730	2
2731	3
2732	17
2733	15
2734	64
2735	19
2736	7
2737	36
2738	34
2739	29
2740	23
2741	4
2742	5
2743	21
2744	19
2745	3
2746	4
2747	23
2748	13
2749	63
2750	38
2751	15
2752	40
2753	15
2754	64
2755	18
2756	2
2757	10
2758	14
2759	7
2760	58
2761	2
2762	16
2763	4
2764	64
2765	34
2766	23
2767	48
2768	5
2769	61
2770	26
2771	41
2772	10
2773	12
2774	7
2775	16
2776	12
2777	4
2778	1
2779	50
2780	31
2781	22
2782	2
2783	11
2784	13
2785	33
2786	35
2787	12
2788	8
2789	35
2790	5
2791	17
2792	3
2793	24
2794	1
2795	23
2796	14
2797	15
2798	3
2799	50
2800	11
2801	6
2802	2
2803	13
2804	20
2805	44
2806	30
2807	20
2808	3
2809	5
2810	24
2811	20
2812	13
2813	3
2814	32
2815	12
2816	8
2817	50
2818	27
2819	4
2820	30
2821	1
2822	3
2823	26
2824	8
2825	14
2826	2
2827	2
2828	5
2829	3
2830	7
2831	1
2832	41
2833	22
2834	41
2835	8
2836	1
2837	32
2838	20
2839	10
2840	14
2841	8
2842	1
2843	6
2844	8
2845	30
2846	3
2847	12
2848	17
2849	3
2850	4
2851	1
2852	3
2853	18
2854	28
2855	6
2856	34
2857	6
2858	35
2859	1
2860	15
2861	29
2862	21
2863	16
2864	12
2865	27
2866	22
2867	40
2868	13
2869	26
2870	2
2871	41
2872	11
2873	28
2874	4
2875	1
2876	1
2877	30
2878	38
2879	52
2880	33
2881	7
2882	9
2883	21
2884	12
2885	49
2886	6
2887	35
2888	5
2889	5
2890	25
2891	42
2892	43
2893	53
2894	18
2895	10
2896	6
2897	6
2898	3
2899	23
2900	29
2901	1
2902	2
2903	3
2904	7
2905	38
2906	6
2907	51
2908	7
2909	23
2910	62
2911	19
2912	3
2913	1
2914	11
2915	3
2916	5
2917	4
2918	18
2919	8
2920	3
2921	4
2922	3
2923	18
2924	25
2925	13
2926	23
2927	24
2928	4
2929	11
2930	7
2931	11
2932	20
2933	23
2934	26
2935	2
2936	3
2937	7
2938	45
2939	10
2940	3
2941	9
2942	18
2943	2
2944	9
2945	10
2946	3
2947	53
2948	35
2949	21
2950	41
2951	1
2952	39
2953	15
2954	44
2955	23
2956	10
2957	49
2958	7
2959	7
2960	1
2961	1
2962	2
2963	37
2964	48
2965	2
2966	9
2967	18
2968	58
2969	58
2970	6
2971	59
2972	64
2973	29
2974	29
2975	18
2976	5
2977	13
2978	3
2979	15
2980	12
2981	42
2982	4
2983	63
2984	19
2985	2
2986	23
2987	33
2988	1
2989	13
2990	5
2991	1
2992	2
2993	6
2994	1
2995	1
2996	5
2997	15
2998	9
2999	5
3000	11
3001	5
3002	59
3003	21
3004	1
3005	20
3006	49
3007	13
3008	5
3009	38
3010	7
3011	33
3012	44
3013	2
3014	2
3015	34
3016	4
3017	30
3018	5
3019	17
3020	63
3021	28
3022	11
3023	6
3024	17
3025	1
3026	30
3027	36
3028	3
3029	5
3030	7
3031	21
3032	1
3033	15
3034	18
3035	26
3036	38
3037	11
3038	10
3039	11
3040	46
3041	4
3042	54
3043	14
3044	8
3045	1
3046	2
3047	19
3048	9
3049	3
3050	14
3051	22
3052	17
3053	20
3054	4
3055	24
3056	17
3057	22
3058	60
3059	63
3060	2
3061	25
3062	2
3063	36
3064	33
3065	32
3066	2
3067	1
3068	16
3069	2
3070	63
3071	4
3072	1
3073	7
3074	7
3075	4
3076	3
3077	15
3078	1
3079	16
3080	1
3081	6
3082	21
3083	31
3084	1
3085	20
3086	4
3087	11
3088	15
3089	2
3090	31
3091	3
3092	4
3093	21
3094	12
3095	9
3096	54
3097	61
3098	17
3099	24
3100	4
3101	18
3102	51
3103	6
3104	58
3105	24
3106	3
3107	22
3108	7
3109	51
3110	26
3111	62
3112	1
3113	4
3114	4
3115	37
3116	21
3117	41
3118	60
3119	51
3120	21
3121	36
3122	2
3123	7
3124	12
3125	1
3126	26
3127	15
3128	5
3129	2
3130	2
3131	24
3132	5
3133	2
3134	20
3135	10
3136	24
3137	53
3138	10
3139	7
3140	39
3141	1
3142	2
3143	4
3144	53
3145	10
3146	43
3147	26
3148	7
3149	37
3150	18
3151	52
3152	42
3153	6
3154	2
3155	3
3156	3
3157	9
3158	32
3159	16
3160	29
3161	10
3162	7
3163	64
3164	45
3165	34
3166	3
3167	10
3168	56
3169	13
3170	2
3171	44
3172	11
3173	1
3174	55
3175	22
3176	52
3177	62
3178	7
3179	13
3180	5
3181	1
3182	24
3183	56
3184	9
3185	6
3186	18
3187	41
3188	3
3189	64
3190	59
3191	17
3192	28
3193	9
3194	1
3195	6
3196	9
3197	18
3198	3
3199	22
3200	31
3201	12
3202	3
3203	42
3204	44
3205	20
3206	29
3207	57
3208	57
3209	16
3210	39
3211	6
3212	28
3213	50
3214	2
3215	32
3216	4
3217	19
3218	16
3219	3
3220	32
3221	7
3222	4
3223	7
3224	30
3225	4
3226	2
3227	60
3228	2
3229	7
3230	12
3231	13
3232	1
3233	11
3234	17
3235	2
3236	37
3237	50
3238	18
3239	6
3240	51
3241	2
3242	2
3243	4
3244	18
3245	15
3246	2
3247	23
3248	18
3249	28
3250	1
3251	59
3252	9
3253	11
3254	38
3255	43
3256	6
3257	11
3258	13
3259	62
3260	37
3261	5
3262	44
3263	25
3264	10
3265	2
3266	10
3267	24
3268	21
3269	32
3270	31
3271	39
3272	52
3273	10
3274	46
3275	5
3276	25
3277	11
3278	2
3279	49
3280	16
3281	10
3282	2
3283	21
3284	2
3285	31
3286	1
3287	5
3288	9
3289	15
3290	9
3291	34
3292	57
3293	49
3294	46
3295	10
3296	13
3297	2
3298	4
3299	50
3300	3
3301	17
3302	4
3303	11
3304	17
3305	62
3306	30
3307	9
3308	22
3309	9
3310	11
3311	2
3312	6
3313	1
3314	9
3315	7
3316	21
3317	40
3318	6
3319	3
3320	4
3321	9
3322	57
3323	8
3324	4
3325	18
3326	20
3327	15
3328	4
3329	7
3330	3
3331	24
3332	8
3333	25
3334	2
3335	6
3336	3
3337	7
3338	17
3339	15
3340	18
3341	4
3342	4
3343	20
3344	14
3345	9
3346	9
3347	7
3348	30
3349	3
3350	1
3351	2
3352	27
3353	18
3354	30
3355	12
3356	16
3357	6
3358	17
3359	22
3360	5
3361	16
3362	9
3363	8
3364	63
3365	30
3366	36
3367	13
3368	3
3369	6
3370	11
3371	21
3372	11
3373	37
3374	51
3375	3
3376	53
3377	40
3378	9
3379	1
3380	21
3381	9
3382	44
3383	45
3384	21
3385	10
3386	47
3387	20
3388	7
3389	8
3390	16
3391	1
3392	9
3393	51
3394	27
3395	19
3396	64
3397	13
3398	10
3399	12
3400	35
3401	43
3402	29
3403	23
3404	23
3405	33
3406	9
3407	34
3408	3
3409	58
3410	4
3411	19
3412	3
3413	5
3414	28
3415	20
3416	3
3417	38
3418	4
3419	21
3420	4
3421	17
3422	19
3423	1
3424	11
3425	46
3426	3
3427	12
3428	15
3429	36
3430	1
3431	21
3432	9
3433	17
3434	25
3435	17
3436	13
3437	12
3438	17
3439	4
3440	31
3441	5
3442	3
3443	7
3444	12
3445	7
3446	1
3447	8
3448	7
3449	4
3450	50
3451	1
3452	28
3453	37
3454	34
3455	1
3456	11
3457	35
3458	20
3459	29
3460	32
3461	20
3462	13
3463	1
3464	7
3465	6
3466	60
3467	6
3468	5
3469	1
3470	49
3471	28
3472	31
3473	3
3474	1
3475	28
3476	4
3477	6
3478	37
3479	5
3480	44
3481	6
3482	38
3483	52
3484	1
3485	63
3486	1
3487	44
3488	14
3489	8
3490	22
3491	12
3492	30
3493	33
3494	5
3495	2
3496	24
3497	20
3498	25
3499	2
3500	61
3501	25
3502	4
3503	48
3504	63
3505	40
3506	23
3507	11
3508	10
3509	58
3510	16
3511	47
3512	34
3513	6
3514	4
3515	29
3516	23
3517	10
3518	18
3519	30
3520	13
3521	13
3522	20
3523	2
3524	16
3525	1
3526	4
3527	17
3528	12
3529	12
3530	63
3531	19
3532	3
3533	2
3534	1
3535	39
3536	45
3537	39
3538	1
3539	9
3540	19
3541	52
3542	44
3543	5
3544	56
3545	6
3546	40
3547	54
3548	55
3549	5
3550	3
3551	15
3552	26
3553	10
3554	1
3555	14
3556	5
3557	34
3558	5
3559	2
3560	6
3561	4
3562	34
3563	11
3564	27
3565	32
3566	29
3567	47
3568	21
3569	2
3570	14
3571	13
3572	2
3573	4
3574	15
3575	5
3576	24
3577	43
3578	1
3579	44
3580	18
3581	45
3582	3
3583	28
3584	54
3585	23
3586	7
3587	10
3588	17
3589	2
3590	7
3591	21
3592	9
3593	27
3594	10
3595	7
3596	21
3597	58
3598	45
3599	7
3600	12
3601	1
3602	50
3603	1
3604	8
3605	2
3606	13
3607	33
3608	7
3609	52
3610	7
3611	30
3612	3
3613	53
3614	44
3615	3
3616	22
3617	24
3618	10
3619	31
3620	10
3621	39
3622	9
3623	8
3624	1
3625	9
3626	56
3627	6
3628	1
3629	2
3630	47
3631	7
3632	50
3633	18
3634	15
3635	35
3636	29
3637	7
3638	42
3639	24
3640	29
3641	10
3642	31
3643	8
3644	25
3645	6
3646	58
3647	46
3648	1
3649	5
3650	22
3651	24
3652	7
3653	8
3654	54
3655	18
3656	50
3657	47
3658	8
3659	10
3660	4
3661	20
3662	20
3663	1
3664	21
3665	10
3666	3
3667	2
3668	17
3669	9
3670	1
3671	4
3672	7
3673	33
3674	6
3675	2
3676	23
3677	21
3678	18
3679	18
3680	54
3681	34
3682	7
3683	7
3684	2
3685	53
3686	30
3687	32
3688	6
3689	8
3690	1
3691	41
3692	64
3693	14
3694	12
3695	2
3696	49
3697	2
3698	5
3699	51
3700	38
3701	32
3702	18
3703	3
3704	13
3705	40
3706	5
3707	15
3708	30
3709	45
3710	27
3711	45
3712	2
3713	61
3714	40
3715	8
3716	6
3717	4
3718	3
3719	6
3720	60
3721	1
3722	20
3723	45
3724	2
3725	40
3726	8
3727	31
3728	6
3729	2
3730	1
3731	43
3732	22
3733	7
3734	26
3735	7
3736	20
3737	3
3738	32
3739	19
3740	2
3741	44
3742	3
3743	4
3744	56
3745	2
3746	7
3747	24
3748	1
3749	5
3750	14
3751	12
3752	23
3753	9
3754	4
3755	9
3756	17
3757	18
3758	21
3759	12
3760	1
3761	2
3762	6
3763	46
3764	23
3765	15
3766	1
3767	13
3768	1
3769	17
3770	5
3771	55
3772	7
3773	10
3774	52
3775	16
3776	8
3777	15
3778	4
3779	38
3780	10
3781	47
3782	29
3783	6
3784	13
3785	10
3786	9
3787	18
3788	45
3789	55
3790	3
3791	8
3792	36
3793	2
3794	32
3795	18
3796	63
3797	11
3798	3
3799	19
3800	9
3801	1
3802	4
3803	56
3804	14
3805	19
3806	28
3807	4
3808	21
3809	5
3810	29
3811	44
3812	1
3813	14
3814	53
3815	5
3816	14
3817	48
3818	18
3819	17
3820	41
3821	15
3822	5
3823	27
3824	3
3825	38
3826	21
3827	57
3828	2
3829	31
3830	27
3831	18
3832	3
3833	44
3834	18
3835	7
3836	6
3837	3
3838	20
3839	26
3840	57
3841	4
3842	13
3843	11
3844	26
3845	4
3846	9
3847	19
3848	1
3849	15
3850	24
3851	57
3852	6
3853	15
3854	5
3855	7
3856	62
3857	23
3858	6
3859	8
3860	3
3861	8
3862	3
3863	34
3864	2
3865	5
3866	11
3867	18
3868	50
3869	36
3870	19
3871	12
3872	7
3873	27
3874	1
3875	9
3876	42
3877	8
3878	4
3879	15
3880	2
3881	3
3882	3
3883	45
3884	7
3885	2
3886	18
3887	4
3888	24
3889	15
3890	2
3891	3
3892	6
3893	12
3894	48
3895	61
3896	2
3897	12
3898	55
3899	48
3900	31
3901	3
3902	3
3903	6
3904	3
3905	30
3906	3
3907	2
3908	11
3909	34
3910	4
3911	6
3912	5
3913	39
3914	1
3915	2
3916	7
3917	52
3918	46
3919	8
3920	4
3921	17
3922	11
3923	23
3924	12
3925	7
3926	23
3927	47
3928	1
3929	4
3930	2
3931	38
3932	29
3933	55
3934	37
3935	43
3936	16
3937	30
3938	4
3939	37
3940	3
3941	21
3942	16
3943	2
3944	12
3945	7
3946	5
3947	29
3948	17
3949	46
3950	5
3951	40
3952	7
3953	26
3954	3
3955	5
3956	18
3957	45
3958	4
3959	1
3960	3
3961	10
3962	47
3963	12
3964	6
3965	6
3966	61
3967	2
3968	1
3969	18
3970	32
3971	5
3972	6
3973	3
3974	30
3975	13
3976	12
3977	55
3978	40
3979	52
3980	17
3981	5
3982	31
3983	59
3984	45
3985	31
3986	44
3987	2
3988	23
3989	24
3990	57
3991	32
3992	11
3993	7
3994	34
3995	5
3996	3
3997	5
3998	2
3999	54
4000	62
4001	7
4002	3
4003	52
4004	18
4005	6
4006	16
4007	16
4008	4
4009	58
4010	1
4011	46
4012	5
4013	16
4014	4
4015	54
4016	2
4017	13
4018	25
4019	63
4020	26
4021	32
4022	41
4023	5
4024	50
4025	43
4026	58
4027	14
4028	17
4029	7
4030	47
4031	26
4032	27
4033	26
4034	39
4035	2
4036	45
4037	8
4038	11
4039	11
4040	8
4041	15
4042	13
4043	23
4044	9
4045	12
4046	17
4047	36
4048	61
4049	6
4050	1
4051	9
4052	9
4053	7
4054	2
4055	18
4056	2
4057	7
4058	38
4059	3
4060	23
4061	51
4062	12
4063	60
4064	31
4065	8
4066	3
4067	1
4068	14
4069	3
4070	6
4071	54
4072	53
4073	23
4074	1
4075	22
4076	15
4077	14
4078	64
4079	35
4080	6
4081	5
4082	37
4083	64
4084	4
4085	21
4086	14
4087	53
4088	59
4089	11
4090	8
4091	10
4092	64
4093	43
4094	10
4095	12
4096	18
4097	2
4098	1
4099	51
4100	43
4101	9
4102	1
4103	14
4104	2
4105	57
4106	57
4107	35
4108	1
4109	25
4110	46
4111	7
4112	1
4113	53
4114	47
4115	1
4116	6
4117	2
4118	6
4119	1
4120	35
4121	14
4122	58
4123	10
4124	3
4125	8
4126	4
4127	21
4128	1
4129	64
4130	40
4131	4
4132	9
4133	15
4134	13
4135	2
4136	19
4137	1
4138	5
4139	14
4140	10
4141	14
4142	27
4143	21
4144	2
4145	8
4146	35
4147	64
4148	17
4149	37
4150	3
4151	1
4152	40
4153	1
4154	31
4155	27
4156	1
4157	6
4158	1
4159	8
4160	19
4161	8
4162	4
4163	18
4164	4
4165	4
4166	6
4167	15
4168	6
4169	51
4170	35
4171	4
4172	1
4173	40
4174	12
4175	12
4176	20
4177	57
4178	17
4179	55
4180	1
4181	24
4182	29
4183	29
4184	31
4185	50
4186	40
4187	52
4188	30
4189	44
4190	2
4191	22
4192	4
4193	16
4194	40
4195	6
4196	2
4197	49
4198	49
4199	10
4200	5
4201	53
4202	4
4203	3
4204	31
4205	12
4206	3
4207	3
4208	17
4209	14
4210	56
4211	24
4212	1
4213	7
4214	1
4215	53
4216	37
4217	7
4218	39
4219	21
4220	12
4221	4
4222	6
4223	22
4224	45
4225	9
4226	6
4227	3
4228	2
4229	4
4230	4
4231	4
4232	40
4233	2
4234	40
4235	4
4236	46
4237	50
4238	25
4239	1
4240	17
4241	61
4242	37
4243	58
4244	3
4245	1
4246	30
4247	33
4248	25
4249	1
4250	4
4251	25
4252	6
4253	21
4254	61
4255	5
4256	24
4257	31
4258	31
4259	3
4260	22
4261	5
4262	18
4263	26
4264	12
4265	2
4266	8
4267	21
4268	22
4269	6
4270	3
4271	26
4272	32
4273	2
4274	15
4275	1
4276	19
4277	2
4278	18
4279	1
4280	2
4281	19
4282	26
4283	25
4284	12
4285	1
4286	31
4287	2
4288	16
4289	30
4290	6
4291	1
4292	7
4293	54
4294	2
4295	1
4296	15
4297	7
4298	2
4299	1
4300	30
4301	23
4302	18
4303	60
4304	2
4305	29
4306	1
4307	61
4308	63
4309	28
4310	4
4311	14
4312	62
4313	4
4314	6
4315	7
4316	6
4317	13
4318	25
4319	1
4320	3
4321	1
4322	12
4323	2
4324	22
4325	59
4326	2
4327	6
4328	4
4329	47
4330	6
4331	9
4332	2
4333	2
4334	15
4335	13
4336	63
4337	6
4338	2
4339	15
4340	12
4341	2
4342	30
4343	4
4344	49
4345	2
4346	14
4347	25
4348	27
4349	5
4350	1
4351	11
4352	38
4353	3
4354	54
4355	29
4356	17
4357	3
4358	9
4359	52
4360	20
4361	23
4362	46
4363	8
4364	16
4365	47
4366	18
4367	17
4368	23
4369	14
4370	12
4371	2
4372	4
4373	41
4374	33
4375	38
4376	2
4377	12
4378	1
4379	4
4380	2
4381	51
4382	15
4383	2
4384	8
4385	1
4386	5
4387	42
4388	20
4389	42
4390	63
4391	14
4392	34
4393	11
4394	30
4395	16
4396	45
4397	18
4398	17
4399	22
4400	39
4401	21
4402	57
4403	11
4404	1
4405	29
4406	27
4407	11
4408	12
4409	17
4410	25
4411	2
4412	37
4413	37
4414	3
4415	38
4416	4
4417	23
4418	1
4419	4
4420	54
4421	18
4422	38
4423	4
4424	16
4425	22
4426	5
4427	3
4428	19
4429	16
4430	30
4431	5
4432	57
4433	15
4434	11
4435	3
4436	46
4437	5
4438	4
4439	4
4440	36
4441	40
4442	19
4443	28
4444	12
4445	43
4446	15
4447	37
4448	36
4449	13
4450	5
4451	53
4452	1
4453	6
4454	15
4455	1
4456	2
4457	37
4458	2
4459	7
4460	41
4461	4
4462	58
4463	2
4464	43
4465	31
4466	60
4467	41
4468	4
4469	29
4470	1
4471	2
4472	3
4473	3
4474	16
4475	50
4476	3
4477	17
4478	32
4479	2
4480	23
4481	33
4482	13
4483	22
4484	13
4485	38
4486	25
4487	6
4488	25
4489	51
4490	17
4491	19
4492	8
4493	62
4494	3
4495	56
4496	33
4497	28
4498	36
4499	27
4500	14
4501	55
4502	29
4503	7
4504	1
4505	48
4506	21
4507	36
4508	3
4509	14
4510	3
4511	18
4512	58
4513	8
4514	10
4515	42
4516	3
4517	3
4518	3
4519	13
4520	5
4521	9
4522	16
4523	40
4524	34
4525	38
4526	44
4527	4
4528	62
4529	14
4530	9
4531	4
4532	21
4533	1
4534	62
4535	14
4536	5
4537	57
4538	7
4539	61
4540	10
4541	22
4542	13
4543	7
4544	37
4545	40
4546	20
4547	54
4548	49
4549	40
4550	5
4551	6
4552	28
4553	15
4554	4
4555	14
4556	1
4557	24
4558	3
4559	4
4560	42
4561	4
4562	14
4563	6
4564	5
4565	11
4566	17
4567	36
4568	1
4569	14
4570	3
4571	31
4572	5
4573	12
4574	63
4575	14
4576	26
4577	13
4578	15
4579	24
4580	46
4581	44
4582	7
4583	7
4584	15
4585	14
4586	1
4587	7
4588	2
4589	1
4590	35
4591	6
4592	4
4593	52
4594	41
4595	16
4596	49
4597	14
4598	4
4599	28
4600	6
4601	19
4602	52
4603	29
4604	2
4605	18
4606	14
4607	36
4608	25
4609	13
4610	5
4611	13
4612	9
4613	63
4614	7
4615	12
4616	11
4617	12
4618	3
4619	59
4620	35
4621	16
4622	47
4623	24
4624	28
4625	28
4626	3
4627	28
4628	4
4629	24
4630	5
4631	11
4632	9
4633	18
4634	4
4635	8
4636	5
4637	7
4638	28
4639	11
4640	14
4641	3
4642	25
4643	37
4644	29
4645	22
4646	59
4647	26
4648	15
4649	4
4650	46
4651	35
4652	1
4653	44
4654	64
4655	26
4656	44
4657	46
4658	62
4659	55
4660	9
4661	35
4662	35
4663	56
4664	7
4665	6
4666	3
4667	49
4668	8
4669	6
4670	2
4671	6
4672	8
4673	44
4674	35
4675	47
4676	61
4677	2
4678	16
4679	13
4680	13
4681	5
4682	32
4683	24
4684	9
4685	20
4686	2
4687	47
4688	3
4689	23
4690	44
4691	19
4692	29
4693	4
4694	15
4695	24
4696	17
4697	9
4698	6
4699	3
4700	1
4701	10
4702	34
4703	20
4704	5
4705	22
4706	27
4707	28
4708	40
4709	47
4710	13
4711	46
4712	4
4713	31
4714	6
4715	19
4716	18
4717	34
4718	4
4719	6
4720	5
4721	43
4722	47
4723	1
4724	3
4725	37
4726	30
4727	19
4728	1
4729	34
4730	14
4731	64
4732	8
4733	11
4734	2
4735	12
4736	4
4737	34
4738	21
4739	2
4740	5
4741	31
4742	1
4743	5
4744	1
4745	49
4746	12
4747	50
4748	10
4749	5
4750	15
4751	19
4752	2
4753	11
4754	13
4755	15
4756	54
4757	28
4758	18
4759	41
4760	1
4761	21
4762	59
4763	16
4764	8
4765	8
4766	1
4767	6
4768	3
4769	31
4770	22
4771	42
4772	4
4773	14
4774	53
4775	7
4776	9
4777	13
4778	4
4779	33
4780	17
4781	5
4782	15
4783	5
4784	57
4785	4
4786	15
4787	3
4788	30
4789	8
4790	25
4791	47
4792	25
4793	44
4794	34
4795	8
4796	13
4797	4
4798	4
4799	25
4800	4
4801	19
4802	38
4803	48
4804	8
4805	4
4806	44
4807	23
4808	6
4809	8
4810	43
4811	11
4812	54
4813	22
4814	27
4815	15
4816	7
4817	7
4818	6
4819	14
4820	5
4821	7
4822	7
4823	1
4824	3
4825	35
4826	21
4827	44
4828	35
4829	11
4830	18
4831	49
4832	4
4833	32
4834	62
4835	8
4836	3
4837	54
4838	37
4839	8
4840	23
4841	22
4842	14
4843	24
4844	3
4845	55
4846	28
4847	20
4848	12
4849	8
4850	4
4851	31
4852	5
4853	1
4854	36
4855	3
4856	14
4857	5
4858	62
4859	4
4860	1
4861	11
4862	39
4863	31
4864	44
4865	13
4866	4
4867	14
4868	3
4869	11
4870	60
4871	5
4872	53
4873	48
4874	8
4875	32
4876	1
4877	15
4878	4
4879	3
4880	1
4881	16
4882	42
4883	3
4884	27
4885	6
4886	8
4887	15
4888	64
4889	56
4890	5
4891	19
4892	24
4893	17
4894	14
4895	1
4896	46
4897	38
4898	5
4899	46
4900	5
4901	55
4902	11
4903	8
4904	32
4905	21
4906	18
4907	17
4908	22
4909	6
4910	7
4911	2
4912	22
4913	55
4914	6
4915	24
4916	9
4917	47
4918	3
4919	32
4920	4
4921	49
4922	3
4923	4
4924	21
4925	32
4926	4
4927	14
4928	19
4929	6
4930	29
4931	1
4932	38
4933	4
4934	3
4935	42
4936	21
4937	26
4938	2
4939	18
4940	25
4941	47
4942	18
4943	11
4944	31
4945	21
4946	10
4947	3
4948	28
4949	1
4950	33
4951	51
4952	3
4953	40
4954	3
4955	46
4956	4
4957	3
4958	13
4959	1
4960	2
4961	12
4962	16
4963	10
4964	35
4965	1
4966	19
4967	54
4968	3
4969	35
4970	6
4971	36
4972	38
4973	20
4974	9
4975	1
4976	21
4977	25
4978	5
4979	8
4980	10
4981	2
4982	33
4983	33
4984	16
4985	8
4986	61
4987	17
4988	6
4989	4
4990	21
4991	6
4992	17
4993	52
4994	57
4995	6
4996	13
4997	22
4998	61
4999	41
5000	38
5001	1
5002	16
5003	4
5004	4
5005	1
5006	47
5007	43
5008	42
5009	51
5010	14
5011	11
5012	16
5013	23
5014	52
5015	12
5016	8
5017	9
5018	5
5019	43
5020	42
5021	3
5022	36
5023	1
5024	62
5025	48
5026	1
5027	58
5028	34
5029	4
5030	7
5031	12
5032	2
5033	5
5034	12
5035	3
5036	13
5037	16
5038	22
5039	56
5040	1
5041	11
5042	19
5043	18
5044	28
5045	5
5046	4
5047	40
5048	13
5049	2
5050	3
5051	4
5052	1
5053	35
5054	43
5055	23
5056	13
5057	17
5058	53
5059	53
5060	30
5061	13
5062	37
5063	4
5064	40
5065	55
5066	1
5067	52
5068	1
5069	12
5070	36
5071	4
5072	7
5073	23
5074	29
5075	12
5076	4
5077	27
5078	13
5079	64
5080	4
5081	13
5082	41
5083	6
5084	13
5085	43
5086	33
5087	29
5088	19
5089	2
5090	9
5091	1
5092	15
5093	1
5094	18
5095	4
5096	14
5097	7
5098	8
5099	38
5100	11
5101	3
5102	51
5103	2
5104	6
5105	10
5106	5
5107	33
5108	18
5109	3
5110	3
5111	8
5112	33
5113	9
5114	4
5115	4
5116	4
5117	14
5118	11
5119	14
5120	15
5121	3
5122	4
5123	24
5124	62
5125	16
5126	12
5127	3
5128	8
5129	3
5130	21
5131	23
5132	5
5133	28
5134	7
5135	18
5136	14
5137	41
5138	1
5139	1
5140	31
5141	36
5142	28
5143	50
5144	22
5145	11
5146	5
5147	6
5148	9
5149	38
5150	4
5151	7
5152	8
5153	1
5154	44
5155	1
5156	16
5157	13
5158	7
5159	10
5160	57
5161	11
5162	11
5163	56
5164	2
5165	3
5166	2
5167	18
5168	14
5169	1
5170	8
5171	31
5172	7
5173	20
5174	41
5175	56
5176	1
5177	3
5178	18
5179	19
5180	7
5181	41
5182	20
5183	10
5184	5
5185	7
5186	5
5187	25
5188	49
5189	13
5190	13
5191	5
5192	1
5193	23
5194	37
5195	34
5196	33
5197	3
5198	22
5199	24
5200	5
5201	7
5202	56
5203	19
5204	5
5205	35
5206	7
5207	6
5208	20
5209	16
5210	9
5211	16
5212	22
5213	5
5214	3
5215	45
5216	37
5217	2
5218	9
5219	62
5220	4
5221	1
5222	57
5223	4
5224	26
5225	41
5226	4
5227	17
5228	4
5229	54
5230	32
5231	16
5232	14
5233	4
5234	18
5235	19
5236	1
5237	4
5238	19
5239	37
5240	9
5241	5
5242	6
5243	1
5244	2
5245	34
5246	44
5247	7
5248	45
5249	1
5250	2
5251	5
5252	31
5253	8
5254	52
5255	46
5256	22
5257	1
5258	2
5259	6
5260	20
5261	6
5262	2
5263	11
5264	64
5265	30
5266	20
5267	23
5268	21
5269	2
5270	8
5271	39
5272	2
5273	11
5274	10
5275	57
5276	24
5277	34
5278	3
5279	8
5280	15
5281	17
5282	28
5283	27
5284	2
5285	1
5286	16
5287	41
5288	10
5289	1
5290	9
5291	34
5292	11
5293	2
5294	39
5295	3
5296	7
5297	4
5298	51
5299	46
5300	2
5301	9
5302	7
5303	45
5304	3
5305	27
5306	9
5307	6
5308	16
5309	5
5310	2
5311	15
5312	8
5313	15
5314	4
5315	18
5316	3
5317	4
5318	4
5319	5
5320	59
5321	8
5322	46
5323	50
5324	46
5325	17
5326	1
5327	6
5328	2
5329	4
5330	8
5331	62
5332	5
5333	33
5334	4
5335	29
5336	41
5337	22
5338	1
5339	6
5340	7
5341	63
5342	1
5343	3
5344	7
5345	48
5346	19
5347	13
5348	64
5349	17
5350	1
5351	2
5352	1
5353	58
5354	1
5355	57
5356	12
5357	39
5358	1
5359	7
5360	4
5361	17
5362	62
5363	53
5364	59
5365	2
5366	2
5367	4
5368	52
5369	36
5370	13
5371	4
5372	4
5373	42
5374	29
5375	35
5376	11
5377	42
5378	7
5379	15
5380	2
5381	4
5382	57
5383	7
5384	8
5385	4
5386	22
5387	1
5388	11
5389	13
5390	8
5391	10
5392	25
5393	3
5394	15
5395	25
5396	18
5397	15
5398	38
5399	7
5400	19
5401	10
5402	11
5403	6
5404	38
5405	13
5406	2
5407	48
5408	19
5409	11
5410	5
5411	5
5412	1
5413	11
5414	12
5415	3
5416	6
5417	4
5418	13
5419	5
5420	5
5421	25
5422	38
5423	15
5424	11
5425	58
5426	9
5427	20
5428	1
5429	5
5430	52
5431	24
5432	8
5433	22
5434	58
5435	1
5436	12
5437	23
5438	1
5439	7
5440	62
5441	25
5442	23
5443	46
5444	12
5445	8
5446	5
5447	20
5448	15
5449	56
5450	22
5451	19
5452	1
5453	3
5454	19
5455	3
5456	64
5457	6
5458	13
5459	2
5460	1
5461	49
5462	40
5463	1
5464	39
5465	26
5466	55
5467	48
5468	32
5469	39
5470	1
5471	19
5472	16
5473	8
5474	4
5475	2
5476	50
5477	4
5478	32
5479	31
5480	10
5481	1
5482	21
5483	3
5484	37
5485	17
5486	19
5487	12
5488	39
5489	2
5490	5
5491	60
5492	22
5493	39
5494	17
5495	20
5496	49
5497	59
5498	61
5499	54
5500	6
5501	22
5502	43
5503	47
5504	6
5505	5
5506	37
5507	4
5508	16
5509	7
5510	9
5511	52
5512	28
5513	14
5514	14
5515	22
5516	13
5517	3
5518	50
5519	27
5520	1
5521	48
5522	48
5523	20
5524	21
5525	22
5526	26
5527	55
5528	10
5529	47
5530	58
5531	50
5532	14
5533	27
5534	6
5535	19
5536	9
5537	29
5538	38
5539	49
5540	35
5541	32
5542	33
5543	2
5544	24
5545	20
5546	58
5547	2
5548	46
5549	3
5550	10
5551	26
5552	6
5553	7
5554	43
5555	12
5556	6
5557	11
5558	12
5559	2
5560	13
5561	32
5562	5
5563	15
5564	17
5565	11
5566	24
5567	25
5568	62
5569	7
5570	24
5571	6
5572	1
5573	2
5574	18
5575	39
5576	38
5577	41
5578	16
5579	6
5580	44
5581	39
5582	7
5583	17
5584	6
5585	20
5586	20
5587	13
5588	9
5589	3
5590	25
5591	14
5592	30
5593	4
5594	5
5595	7
5596	5
5597	3
5598	1
5599	6
5600	2
5601	3
5602	38
5603	6
5604	31
5605	20
5606	25
5607	36
5608	20
5609	1
5610	12
5611	4
5612	3
5613	22
5614	11
5615	18
5616	5
5617	26
5618	28
5619	13
5620	60
5621	1
5622	41
5623	7
5624	29
5625	63
5626	3
5627	44
5628	6
5629	11
5630	3
5631	36
5632	28
5633	46
5634	8
5635	3
5636	7
5637	1
5638	2
5639	11
5640	1
5641	14
5642	11
5643	50
5644	2
5645	5
5646	28
5647	19
5648	59
5649	11
5650	15
5651	1
5652	2
5653	50
5654	4
5655	6
5656	6
5657	7
5658	2
5659	35
5660	20
5661	9
5662	35
5663	1
5664	2
5665	3
5666	17
5667	40
5668	6
5669	3
5670	30
5671	13
5672	11
5673	38
5674	2
5675	21
5676	3
5677	1
5678	39
5679	18
5680	33
5681	39
5682	41
5683	38
5684	9
5685	11
5686	3
5687	7
5688	54
5689	8
5690	62
5691	1
5692	7
5693	1
5694	8
5695	8
5696	17
5697	3
5698	19
5699	6
5700	6
5701	28
5702	60
5703	4
5704	3
5705	10
5706	1
5707	3
5708	57
5709	45
5710	53
5711	22
5712	16
5713	13
5714	6
5715	10
5716	5
5717	15
5718	45
5719	51
5720	1
5721	1
5722	47
5723	50
5724	5
5725	4
5726	1
5727	1
5728	7
5729	20
5730	14
5731	4
5732	9
5733	11
5734	40
5735	1
5736	3
5737	49
5738	2
5739	32
5740	3
5741	21
5742	49
5743	16
5744	46
5745	11
5746	25
5747	27
5748	3
5749	32
5750	6
5751	25
5752	7
5753	3
5754	41
5755	38
5756	5
5757	9
5758	5
5759	33
5760	21
5761	35
5762	3
5763	7
5764	43
5765	22
5766	19
5767	1
5768	48
5769	3
5770	2
5771	41
5772	3
5773	30
5774	12
5775	43
5776	37
5777	5
5778	46
5779	1
5780	17
5781	12
5782	1
5783	31
5784	3
5785	3
5786	2
5787	24
5788	4
5789	2
5790	5
5791	1
5792	12
5793	20
5794	61
5795	41
5796	5
5797	1
5798	21
5799	14
5800	24
5801	10
5802	4
5803	1
5804	42
5805	26
5806	45
5807	60
5808	43
5809	1
5810	59
5811	1
5812	6
5813	13
5814	6
5815	63
5816	56
5817	36
5818	36
5819	4
5820	7
5821	5
5822	11
5823	3
5824	32
5825	1
5826	17
5827	7
5828	1
5829	54
5830	44
5831	19
5832	29
5833	1
5834	14
5835	10
5836	14
5837	57
5838	42
5839	4
5840	28
5841	6
5842	2
5843	31
5844	3
5845	33
5846	22
5847	64
5848	1
5849	11
5850	47
5851	18
5852	60
5853	3
5854	2
5855	5
5856	7
5857	22
5858	7
5859	4
5860	51
5861	51
5862	1
5863	23
5864	6
5865	17
5866	1
5867	4
5868	28
5869	56
5870	5
5871	14
5872	28
5873	3
5874	49
5875	5
5876	8
5877	6
5878	18
5879	6
5880	31
5881	3
5882	1
5883	40
5884	13
5885	6
5886	6
5887	53
5888	50
5889	4
5890	7
5891	36
5892	1
5893	8
5894	6
5895	27
5896	26
5897	6
5898	1
5899	35
5900	17
5901	5
5902	22
5903	9
5904	7
5905	6
5906	1
5907	14
5908	2
5909	9
5910	18
5911	44
5912	12
5913	43
5914	16
5915	7
5916	8
5917	5
5918	47
5919	10
5920	6
5921	22
5922	12
5923	41
5924	31
5925	41
5926	20
5927	12
5928	33
5929	11
5930	7
5931	26
5932	38
5933	41
5934	12
5935	58
5936	4
5937	8
5938	29
5939	14
5940	14
5941	45
5942	3
5943	14
5944	5
5945	54
5946	3
5947	10
5948	4
5949	12
5950	60
5951	17
5952	6
5953	3
5954	51
5955	7
5956	40
5957	3
5958	1
5959	7
5960	2
5961	56
5962	57
5963	32
5964	14
5965	7
5966	25
5967	13
5968	55
5969	6
5970	36
5971	4
5972	30
5973	3
5974	28
5975	60
5976	39
5977	5
5978	7
5979	2
5980	3
5981	7
5982	53
5983	14
5984	27
5985	16
5986	7
5987	44
5988	9
5989	20
5990	14
5991	58
5992	16
5993	38
5994	53
5995	25
5996	10
5997	28
5998	37
5999	7
6000	5
6001	10
6002	45
6003	13
6004	1
6005	4
6006	2
6007	3
6008	11
6009	10
6010	17
6011	20
6012	51
6013	11
6014	13
6015	8
6016	23
6017	62
6018	25
6019	34
6020	2
6021	43
6022	3
6023	3
6024	10
6025	44
6026	60
6027	1
6028	41
6029	5
6030	12
6031	16
6032	20
6033	21
6034	45
6035	38
6036	40
6037	28
6038	15
6039	33
6040	8
6041	9
6042	11
6043	12
6044	3
6045	5
6046	57
6047	2
6048	5
6049	13
6050	31
6051	14
6052	26
6053	3
6054	53
6055	3
6056	6
6057	18
6058	18
6059	19
6060	19
6061	4
6062	24
6063	2
6064	10
6065	12
6066	53
6067	2
6068	63
6069	1
6070	8
6071	6
6072	36
6073	14
6074	17
6075	13
6076	3
6077	52
6078	5
6079	31
6080	5
6081	19
6082	3
6083	6
6084	21
6085	31
6086	1
6087	3
6088	42
6089	52
6090	36
6091	35
6092	42
6093	18
6094	41
6095	2
6096	49
6097	4
6098	8
6099	5
6100	64
6101	20
6102	5
6103	12
6104	40
6105	45
6106	13
6107	48
6108	15
6109	11
6110	22
6111	6
6112	17
6113	4
6114	18
6115	55
6116	15
6117	11
6118	26
6119	33
6120	33
6121	46
6122	1
6123	5
6124	14
6125	1
6126	15
6127	4
6128	20
6129	38
6130	16
6131	18
6132	2
6133	8
6134	41
6135	13
6136	48
6137	55
6138	44
6139	23
6140	19
6141	34
6142	39
6143	16
6144	3
6145	37
6146	30
6147	24
6148	1
6149	11
6150	4
6151	7
6152	4
6153	3
6154	40
6155	21
6156	6
6157	18
6158	1
6159	8
6160	22
6161	3
6162	49
6163	1
6164	14
6165	23
6166	25
6167	6
6168	57
6169	3
6170	4
6171	8
6172	22
6173	2
6174	3
6175	13
6176	3
6177	40
6178	15
6179	5
6180	46
6181	1
6182	16
6183	14
6184	1
6185	51
6186	41
6187	10
6188	61
6189	47
6190	30
6191	44
6192	4
6193	45
6194	1
6195	10
6196	1
6197	44
6198	4
6199	13
6200	2
6201	27
6202	35
6203	2
6204	39
6205	47
6206	50
6207	2
6208	2
6209	60
6210	42
6211	51
6212	14
6213	7
6214	13
6215	12
6216	5
6217	20
6218	57
6219	8
6220	12
6221	8
6222	58
6223	64
6224	26
6225	7
6226	58
6227	19
6228	4
6229	4
6230	36
6231	5
6232	32
6233	20
6234	35
6235	1
6236	19
6237	53
6238	1
6239	8
6240	40
6241	37
6242	5
6243	1
6244	1
6245	40
6246	14
6247	45
6248	6
6249	1
6250	3
6251	14
6252	42
6253	13
6254	3
6255	41
6256	1
6257	9
6258	25
6259	45
6260	28
6261	4
6262	36
6263	55
6264	11
6265	14
6266	21
6267	52
6268	10
6269	4
6270	56
6271	6
6272	23
6273	1
6274	4
6275	14
6276	10
6277	5
6278	41
6279	19
6280	41
6281	20
6282	14
6283	37
6284	39
6285	9
6286	2
6287	11
6288	60
6289	10
6290	6
6291	21
6292	45
6293	49
6294	57
6295	12
6296	31
6297	52
6298	6
6299	10
6300	12
6301	13
6302	53
6303	23
6304	21
6305	54
6306	17
6307	23
6308	41
6309	17
6310	15
6311	2
6312	40
6313	51
6314	35
6315	52
6316	3
6317	21
6318	12
6319	13
6320	60
6321	4
6322	35
6323	1
6324	36
6325	6
6326	7
6327	12
6328	37
6329	9
6330	45
6331	1
6332	17
6333	34
6334	7
6335	7
6336	16
6337	3
6338	10
6339	7
6340	11
6341	55
6342	15
6343	2
6344	1
6345	63
6346	5
6347	9
6348	53
6349	8
6350	3
6351	6
6352	17
6353	3
6354	6
6355	10
6356	56
6357	2
6358	37
6359	2
6360	2
6361	10
6362	1
6363	16
6364	5
6365	50
6366	23
6367	19
6368	34
6369	25
6370	49
6371	11
6372	27
6373	25
6374	28
6375	14
6376	5
6377	1
6378	14
6379	18
6380	3
6381	3
6382	34
6383	39
6384	57
6385	59
6386	1
6387	31
6388	3
6389	18
6390	5
6391	17
6392	19
6393	10
6394	22
6395	15
6396	34
6397	30
6398	2
6399	3
6400	2
6401	53
6402	9
6403	8
6404	29
6405	55
6406	53
6407	42
6408	10
6409	52
6410	1
6411	5
6412	9
6413	31
6414	26
6415	33
6416	23
6417	1
6418	56
6419	26
6420	1
6421	20
6422	12
6423	23
6424	3
6425	6
6426	1
6427	6
6428	6
6429	16
6430	1
6431	16
6432	3
6433	5
6434	6
6435	27
6436	6
6437	32
6438	17
6439	6
6440	30
6441	3
6442	13
6443	19
6444	41
6445	3
6446	59
6447	28
6448	7
6449	14
6450	60
6451	48
6452	13
6453	59
6454	19
6455	30
6456	20
6457	11
6458	1
6459	10
6460	29
6461	22
6462	6
6463	14
6464	14
6465	57
6466	5
6467	7
6468	4
6469	26
6470	19
6471	2
6472	22
6473	26
6474	8
6475	12
6476	5
6477	9
6478	5
6479	20
6480	33
6481	3
6482	8
6483	14
6484	6
6485	60
6486	4
6487	62
6488	17
6489	6
6490	15
6491	10
6492	15
6493	5
6494	54
6495	3
6496	2
6497	16
6498	28
6499	45
6500	3
6501	2
6502	64
6503	39
6504	35
6505	33
6506	2
6507	7
6508	17
6509	12
6510	61
6511	15
6512	58
6513	15
6514	34
6515	1
6516	4
6517	62
6518	17
6519	61
6520	2
6521	50
6522	10
6523	9
6524	2
6525	13
6526	16
6527	27
6528	5
6529	18
6530	56
6531	8
6532	1
6533	57
6534	22
6535	6
6536	50
6537	1
6538	8
6539	55
6540	51
6541	23
6542	14
6543	61
6544	5
6545	5
6546	18
6547	7
6548	33
6549	11
6550	42
6551	41
6552	2
6553	11
6554	5
6555	40
6556	7
6557	35
6558	16
6559	18
6560	14
6561	7
6562	20
6563	46
6564	55
6565	12
6566	17
6567	25
6568	1
6569	10
6570	16
6571	1
6572	2
6573	2
6574	38
6575	53
6576	24
6577	4
6578	17
6579	28
6580	5
6581	45
6582	2
6583	2
6584	47
6585	3
6586	3
6587	2
6588	12
6589	2
6590	14
6591	42
6592	63
6593	26
6594	9
6595	19
6596	26
6597	59
6598	31
6599	3
6600	5
6601	31
6602	12
6603	3
6604	2
6605	15
6606	12
6607	6
6608	43
6609	13
6610	59
6611	4
6612	41
6613	5
6614	15
6615	57
6616	9
6617	47
6618	19
6619	9
6620	5
6621	61
6622	63
6623	5
6624	59
6625	4
6626	3
6627	23
6628	33
6629	3
6630	9
6631	12
6632	8
6633	55
6634	35
6635	12
6636	3
6637	45
6638	6
6639	1
6640	14
6641	10
6642	2
6643	19
6644	49
6645	5
6646	7
6647	14
6648	56
6649	3
6650	2
6651	3
6652	14
6653	25
6654	7
6655	12
6656	4
6657	40
6658	1
6659	1
6660	13
6661	35
6662	2
6663	6
6664	38
6665	2
6666	29
6667	24
6668	22
6669	6
6670	6
6671	58
6672	59
6673	54
6674	53
6675	12
6676	27
6677	5
6678	14
6679	52
6680	6
6681	52
6682	61
6683	46
6684	12
6685	59
6686	5
6687	21
6688	10
6689	4
6690	17
6691	6
6692	10
6693	17
6694	1
6695	17
6696	39
6697	1
6698	4
6699	40
6700	5
6701	49
6702	8
6703	21
6704	51
6705	59
6706	19
6707	2
6708	5
6709	44
6710	30
6711	3
6712	10
6713	32
6714	27
6715	5
6716	31
6717	35
6718	12
6719	64
6720	22
6721	5
6722	4
6723	1
6724	21
6725	17
6726	19
6727	18
6728	19
6729	9
6730	4
6731	1
6732	41
6733	31
6734	4
6735	2
6736	3
6737	12
6738	7
6739	5
6740	2
6741	26
6742	3
6743	28
6744	35
6745	7
6746	3
6747	3
6748	20
6749	7
6750	6
6751	37
6752	23
6753	4
6754	19
6755	40
6756	10
6757	2
6758	43
6759	12
6760	6
6761	32
6762	41
6763	14
6764	1
6765	7
6766	48
6767	49
6768	26
6769	4
6770	4
6771	48
6772	32
6773	8
6774	1
6775	18
6776	15
6777	16
6778	6
6779	34
6780	10
6781	18
6782	2
6783	1
6784	28
6785	60
6786	18
6787	2
6788	46
6789	25
6790	52
6791	28
6792	3
6793	20
6794	5
6795	1
6796	33
6797	2
6798	14
6799	1
6800	38
6801	31
6802	18
6803	47
6804	6
6805	16
6806	3
6807	39
6808	14
6809	2
6810	2
6811	2
6812	15
6813	59
6814	5
6815	2
6816	5
6817	3
6818	27
6819	13
6820	7
6821	1
6822	10
6823	24
6824	11
6825	46
6826	36
6827	9
6828	17
6829	40
6830	6
6831	10
6832	44
6833	15
6834	6
6835	4
6836	15
6837	17
6838	24
6839	32
6840	30
6841	43
6842	30
6843	15
6844	6
6845	15
6846	16
6847	3
6848	17
6849	49
6850	20
6851	61
6852	1
6853	21
6854	16
6855	22
6856	4
6857	7
6858	50
6859	3
6860	50
6861	6
6862	1
6863	7
6864	62
6865	53
6866	54
6867	37
6868	55
6869	15
6870	6
6871	1
6872	6
6873	4
6874	1
6875	34
6876	15
6877	16
6878	62
6879	43
6880	4
6881	4
6882	34
6883	12
6884	25
6885	56
6886	4
6887	6
6888	15
6889	46
6890	1
6891	5
6892	6
6893	4
6894	18
6895	21
6896	44
6897	29
6898	44
6899	6
6900	3
6901	3
6902	6
6903	39
6904	7
6905	4
6906	45
6907	25
6908	20
6909	10
6910	12
6911	5
6912	34
6913	22
6914	7
6915	23
6916	17
6917	50
6918	3
6919	17
6920	21
6921	61
6922	11
6923	4
6924	28
6925	3
6926	2
6927	5
6928	4
6929	14
6930	4
6931	33
6932	23
6933	34
6934	3
6935	10
6936	55
6937	5
6938	2
6939	37
6940	24
6941	4
6942	8
6943	2
6944	6
6945	18
6946	39
6947	20
6948	15
6949	21
6950	22
6951	4
6952	48
6953	22
6954	5
6955	11
6956	42
6957	6
6958	10
6959	3
6960	22
6961	13
6962	8
6963	3
6964	1
6965	4
6966	5
6967	53
6968	4
6969	56
6970	10
6971	6
6972	17
6973	4
6974	47
6975	53
6976	48
6977	1
6978	16
6979	23
6980	23
6981	14
6982	26
6983	44
6984	23
6985	52
6986	44
6987	8
6988	10
6989	1
6990	46
6991	23
6992	1
6993	16
6994	63
6995	48
6996	29
6997	26
6998	42
6999	2
7000	39
7001	36
7002	14
7003	5
7004	3
7005	3
7006	6
7007	14
7008	25
7009	53
7010	7
7011	2
7012	4
7013	17
7014	18
7015	1
7016	5
7017	3
7018	34
7019	9
7020	4
7021	2
7022	24
7023	2
7024	24
7025	20
7026	30
7027	1
7028	1
7029	37
7030	54
7031	48
7032	52
7033	17
7034	7
7035	3
7036	1
7037	6
7038	2
7039	50
7040	5
7041	50
7042	4
7043	11
7044	7
7045	18
7046	9
7047	3
7048	15
7049	52
7050	8
7051	2
7052	6
7053	4
7054	16
7055	7
7056	9
7057	2
7058	54
7059	32
7060	21
7061	50
7062	2
7063	4
7064	20
7065	2
7066	3
7067	2
7068	4
7069	9
7070	18
7071	36
7072	32
7073	4
7074	1
7075	46
7076	2
7077	11
7078	22
7079	41
7080	4
7081	20
7082	17
7083	20
7084	33
7085	58
7086	7
7087	6
7088	6
7089	23
7090	55
7091	50
7092	49
7093	12
7094	38
7095	2
7096	10
7097	10
7098	13
7099	2
7100	59
7101	1
7102	30
7103	9
7104	5
7105	13
7106	3
7107	40
7108	37
7109	6
7110	41
7111	30
7112	2
7113	28
7114	37
7115	3
7116	1
7117	9
7118	3
7119	18
7120	3
7121	17
7122	4
7123	2
7124	5
7125	2
7126	61
7127	37
7128	19
7129	6
7130	14
7131	5
7132	4
7133	53
7134	6
7135	2
7136	41
7137	13
7138	1
7139	22
7140	10
7141	2
7142	22
7143	50
7144	4
7145	2
7146	55
7147	43
7148	36
7149	7
7150	3
7151	4
7152	5
7153	12
7154	33
7155	24
7156	4
7157	27
7158	2
7159	17
7160	48
7161	43
7162	29
7163	17
7164	58
7165	2
7166	50
7167	2
7168	22
7169	18
7170	15
7171	8
7172	14
7173	31
7174	33
7175	4
7176	2
7177	52
7178	4
7179	5
7180	7
7181	4
7182	59
7183	2
7184	6
7185	6
7186	20
7187	3
7188	21
7189	29
7190	23
7191	20
7192	2
7193	13
7194	40
7195	1
7196	2
7197	5
7198	17
7199	29
7200	2
7201	36
7202	51
7203	34
7204	24
7205	16
7206	33
7207	10
7208	5
7209	9
7210	6
7211	11
7212	8
7213	40
7214	52
7215	13
7216	19
7217	24
7218	55
7219	1
7220	7
7221	9
7222	60
7223	14
7224	6
7225	46
7226	21
7227	36
7228	1
7229	4
7230	32
7231	7
7232	3
7233	1
7234	15
7235	49
7236	27
7237	54
7238	8
7239	7
7240	22
7241	35
7242	1
7243	7
7244	46
7245	23
7246	13
7247	27
7248	31
7249	1
7250	5
7251	24
7252	5
7253	51
7254	20
7255	17
7256	3
7257	18
7258	3
7259	2
7260	11
7261	24
7262	27
7263	8
7264	16
7265	34
7266	12
7267	14
7268	18
7269	49
7270	5
7271	9
7272	31
7273	48
7274	4
7275	5
7276	45
7277	12
7278	32
7279	36
7280	19
7281	22
7282	1
7283	18
7284	46
7285	14
7286	5
7287	48
7288	5
7289	1
7290	52
7291	33
7292	5
7293	48
7294	19
7295	36
7296	5
7297	56
7298	10
7299	10
7300	48
7301	58
7302	19
7303	8
7304	22
7305	5
7306	39
7307	46
7308	1
7309	9
7310	15
7311	3
7312	8
7313	18
7314	16
7315	42
7316	4
7317	25
7318	6
7319	8
7320	22
7321	32
7322	11
7323	20
7324	64
7325	8
7326	7
7327	24
7328	15
7329	21
7330	1
7331	3
7332	10
7333	11
7334	1
7335	39
7336	42
7337	4
7338	23
7339	20
7340	1
7341	5
7342	16
7343	44
7344	4
7345	20
7346	2
7347	14
7348	3
7349	1
7350	31
7351	64
7352	21
7353	29
7354	3
7355	9
7356	62
7357	3
7358	5
7359	14
7360	28
7361	13
7362	55
7363	23
7364	13
7365	1
7366	3
7367	12
7368	23
7369	18
7370	1
7371	6
7372	5
7373	6
7374	1
7375	62
7376	10
7377	20
7378	1
7379	1
7380	11
7381	18
7382	12
7383	3
7384	21
7385	1
7386	22
7387	1
7388	4
7389	7
7390	1
7391	23
7392	2
7393	1
7394	15
7395	6
7396	62
7397	64
7398	13
7399	9
7400	29
7401	15
7402	29
7403	23
7404	28
7405	57
7406	35
7407	3
7408	26
7409	36
7410	5
7411	1
7412	2
7413	57
7414	43
7415	8
7416	27
7417	5
7418	2
7419	39
7420	4
7421	6
7422	24
7423	14
7424	26
7425	3
7426	29
7427	25
7428	9
7429	22
7430	47
7431	19
7432	3
7433	27
7434	8
7435	18
7436	14
7437	16
7438	6
7439	6
7440	2
7441	47
7442	56
7443	4
7444	2
7445	2
7446	5
7447	4
7448	2
7449	6
7450	5
7451	2
7452	6
7453	1
7454	31
7455	14
7456	18
7457	55
7458	31
7459	2
7460	40
7461	35
7462	2
7463	18
7464	25
7465	3
7466	59
7467	10
7468	11
7469	3
7470	1
7471	46
7472	48
7473	50
7474	7
7475	9
7476	3
7477	28
7478	2
7479	4
7480	10
7481	11
7482	15
7483	28
7484	13
7485	3
7486	11
7487	2
7488	14
7489	2
7490	57
7491	8
7492	15
7493	5
7494	51
7495	37
7496	10
7497	38
7498	28
7499	11
7500	2
7501	61
7502	1
7503	26
7504	8
7505	21
7506	36
7507	42
7508	4
7509	8
7510	61
7511	60
7512	1
7513	1
7514	19
7515	8
7516	8
7517	31
7518	2
7519	6
7520	51
7521	16
7522	1
7523	7
7524	4
7525	10
7526	1
7527	6
7528	21
7529	22
7530	10
7531	6
7532	3
7533	47
7534	4
7535	37
7536	1
7537	61
7538	45
7539	20
7540	54
7541	7
7542	7
7543	11
7544	10
7545	31
7546	6
7547	9
7548	24
7549	1
7550	59
7551	29
7552	3
7553	8
7554	2
7555	24
7556	13
7557	56
7558	4
7559	49
7560	50
7561	7
7562	4
7563	52
7564	21
7565	15
7566	1
7567	12
7568	2
7569	22
7570	2
7571	36
7572	6
7573	14
7574	23
7575	11
7576	22
7577	7
7578	5
7579	51
7580	5
7581	63
7582	8
7583	36
7584	3
7585	45
7586	19
7587	56
7588	8
7589	19
7590	20
7591	33
7592	26
7593	49
7594	31
7595	1
7596	43
7597	21
7598	50
7599	63
7600	14
7601	36
7602	33
7603	29
7604	12
7605	2
7606	6
7607	5
7608	15
7609	23
7610	58
7611	40
7612	8
7613	18
7614	2
7615	3
7616	5
7617	11
7618	53
7619	46
7620	8
7621	25
7622	50
7623	14
7624	4
7625	35
7626	63
7627	4
7628	1
7629	11
7630	64
7631	5
7632	23
7633	16
7634	23
7635	16
7636	54
7637	8
7638	36
7639	26
7640	18
7641	11
7642	42
7643	3
7644	41
7645	3
7646	7
7647	3
7648	52
7649	3
7650	36
7651	18
7652	8
7653	7
7654	4
7655	6
7656	19
7657	2
7658	7
7659	29
7660	27
7661	2
7662	22
7663	16
7664	15
7665	12
7666	24
7667	38
7668	6
7669	5
7670	9
7671	14
7672	25
7673	2
7674	8
7675	4
7676	57
7677	28
7678	4
7679	21
7680	2
7681	6
7682	3
7683	7
7684	16
7685	24
7686	7
7687	7
7688	5
7689	28
7690	23
7691	9
7692	34
7693	29
7694	51
7695	38
7696	39
7697	27
7698	4
7699	45
7700	11
7701	10
7702	9
7703	5
7704	5
7705	2
7706	8
7707	27
7708	31
7709	3
7710	45
7711	27
7712	42
7713	24
7714	2
7715	39
7716	63
7717	1
7718	43
7719	1
7720	26
7721	18
7722	11
7723	14
7724	42
7725	19
7726	27
7727	11
7728	16
7729	19
7730	4
7731	15
7732	9
7733	36
7734	12
7735	2
7736	12
7737	30
7738	41
7739	4
7740	47
7741	6
7742	5
7743	3
7744	1
7745	25
7746	26
7747	8
7748	8
7749	25
7750	6
7751	12
7752	1
7753	3
7754	53
7755	3
7756	4
7757	9
7758	37
7759	32
7760	8
7761	14
7762	53
7763	1
7764	4
7765	10
7766	6
7767	13
7768	24
7769	21
7770	2
7771	13
7772	1
7773	17
7774	4
7775	53
7776	3
7777	55
7778	54
7779	42
7780	47
7781	5
7782	7
7783	18
7784	34
7785	33
7786	53
7787	31
7788	7
7789	20
7790	60
7791	4
7792	15
7793	5
7794	3
7795	1
7796	43
7797	10
7798	1
7799	19
7800	15
7801	5
7802	28
7803	62
7804	18
7805	4
7806	43
7807	37
7808	7
7809	44
7810	6
7811	26
7812	19
7813	3
7814	47
7815	47
7816	58
7817	12
7818	41
7819	1
7820	4
7821	5
7822	15
7823	8
7824	7
7825	39
7826	10
7827	46
7828	5
7829	1
7830	3
7831	2
7832	23
7833	20
7834	59
7835	49
7836	27
7837	3
7838	41
7839	9
7840	39
7841	20
7842	31
7843	3
7844	36
7845	31
7846	17
7847	2
7848	5
7849	3
7850	3
7851	9
7852	10
7853	3
7854	3
7855	6
7856	9
7857	42
7858	9
7859	2
7860	62
7861	30
7862	27
7863	28
7864	21
7865	1
7866	29
7867	43
7868	4
7869	6
7870	25
7871	13
7872	4
7873	5
7874	2
7875	29
7876	16
7877	4
7878	13
7879	21
7880	30
7881	56
7882	3
7883	39
7884	3
7885	7
7886	8
7887	4
7888	9
7889	49
7890	7
7891	1
7892	9
7893	45
7894	8
7895	10
7896	44
7897	2
7898	17
7899	12
7900	32
7901	12
7902	33
7903	1
7904	5
7905	55
7906	43
7907	4
7908	17
7909	6
7910	37
7911	34
7912	63
7913	8
7914	16
7915	1
7916	30
7917	49
7918	12
7919	6
7920	17
7921	3
7922	51
7923	30
7924	28
7925	56
7926	7
7927	19
7928	7
7929	12
7930	12
7931	28
7932	9
7933	2
7934	1
7935	5
7936	17
7937	6
7938	39
7939	5
7940	21
7941	17
7942	34
7943	51
7944	57
7945	11
7946	60
7947	2
7948	10
7949	23
7950	13
7951	23
7952	6
7953	19
7954	26
7955	38
7956	26
7957	5
7958	1
7959	43
7960	21
7961	5
7962	20
7963	38
7964	29
7965	5
7966	4
7967	60
7968	12
7969	4
7970	2
7971	1
7972	2
7973	27
7974	9
7975	41
7976	24
7977	46
7978	6
7979	23
7980	5
7981	27
7982	27
7983	9
7984	15
7985	32
7986	17
7987	2
7988	14
7989	47
7990	51
7991	44
7992	7
7993	42
7994	24
7995	9
7996	1
7997	13
7998	18
7999	63
8000	29
8001	2
8002	26
8003	34
8004	58
8005	3
8006	1
8007	8
8008	7
8009	7
8010	49
8011	1
8012	5
8013	43
8014	31
8015	25
8016	28
8017	7
8018	30
8019	1
8020	46
8021	6
8022	14
8023	3
8024	4
8025	25
8026	3
8027	5
8028	35
8029	5
8030	60
8031	17
8032	2
8033	42
8034	58
8035	42
8036	17
8037	38
8038	47
8039	7
8040	3
8041	5
8042	54
8043	29
8044	20
8045	19
8046	39
8047	27
8048	7
8049	26
8050	32
8051	12
8052	6
8053	5
8054	12
8055	2
8056	64
8057	13
8058	62
8059	3
8060	24
8061	4
8062	37
8063	1
8064	30
8065	1
8066	5
8067	31
8068	29
8069	1
8070	34
8071	19
8072	4
8073	36
8074	39
8075	52
8076	1
8077	6
8078	2
8079	3
8080	59
8081	46
8082	9
8083	5
8084	1
8085	28
8086	43
8087	36
8088	37
8089	6
8090	20
8091	3
8092	10
8093	5
8094	3
8095	18
8096	3
8097	62
8098	28
8099	2
8100	1
8101	8
8102	51
8103	12
8104	1
8105	47
8106	20
8107	22
8108	42
8109	1
8110	5
8111	6
8112	13
8113	20
8114	8
8115	12
8116	5
8117	18
8118	15
8119	3
8120	11
8121	12
8122	17
8123	15
8124	17
8125	42
8126	47
8127	9
8128	24
8129	47
8130	4
8131	7
8132	37
8133	1
8134	38
8135	12
8136	6
8137	23
8138	54
8139	9
8140	23
8141	45
8142	31
8143	1
8144	33
8145	9
8146	20
8147	1
8148	18
8149	8
8150	11
8151	5
8152	35
8153	13
8154	61
8155	40
8156	5
8157	10
8158	10
8159	33
8160	32
8161	1
8162	22
8163	5
8164	1
8165	20
8166	56
8167	52
8168	10
8169	2
8170	11
8171	20
8172	13
8173	20
8174	3
8175	60
8176	18
8177	2
8178	7
8179	5
8180	31
8181	3
8182	44
8183	7
8184	17
8185	54
8186	1
8187	20
8188	3
8189	50
8190	23
8191	5
8192	8
8193	16
8194	55
8195	45
8196	1
8197	20
8198	29
8199	51
8200	9
8201	5
8202	45
8203	47
8204	55
8205	11
8206	8
8207	51
8208	14
8209	18
8210	2
8211	13
8212	12
8213	21
8214	8
8215	3
8216	34
8217	3
8218	26
8219	26
8220	3
8221	7
8222	30
8223	1
8224	10
8225	26
8226	16
8227	22
8228	5
8229	43
8230	9
8231	2
8232	9
8233	5
8234	50
8235	11
8236	28
8237	3
8238	6
8239	25
8240	31
8241	2
8242	42
8243	5
8244	2
8245	3
8246	5
8247	3
8248	25
8249	2
8250	9
8251	37
8252	19
8253	18
8254	5
8255	14
8256	10
8257	2
8258	14
8259	3
8260	13
8261	17
8262	36
8263	29
8264	3
8265	42
8266	7
8267	2
8268	11
8269	2
8270	5
8271	7
8272	4
8273	5
8274	3
8275	9
8276	3
8277	5
8278	32
8279	7
8280	36
8281	17
8282	61
8283	40
8284	4
8285	7
8286	8
8287	19
8288	36
8289	48
8290	1
8291	64
8292	3
8293	4
8294	34
8295	27
8296	8
8297	26
8298	22
8299	21
8300	25
8301	5
8302	16
8303	7
8304	16
8305	6
8306	3
8307	3
8308	3
8309	27
8310	45
8311	4
8312	30
8313	5
8314	58
8315	1
8316	8
8317	56
8318	3
8319	17
8320	22
8321	62
8322	11
8323	31
8324	49
8325	29
8326	21
8327	39
8328	9
8329	4
8330	43
8331	20
8332	25
8333	31
8334	3
8335	13
8336	41
8337	24
8338	4
8339	1
8340	3
8341	10
8342	8
8343	47
8344	15
8345	48
8346	7
8347	3
8348	4
8349	9
8350	5
8351	60
8352	4
8353	15
8354	12
8355	45
8356	2
8357	17
8358	10
8359	57
8360	4
8361	18
8362	35
8363	1
8364	9
8365	1
8366	46
8367	7
8368	39
8369	3
8370	59
8371	28
8372	2
8373	9
8374	9
8375	34
8376	13
8377	5
8378	15
8379	1
8380	26
8381	4
8382	1
8383	4
8384	22
8385	44
8386	55
8387	13
8388	4
8389	50
8390	1
8391	45
8392	28
8393	45
8394	8
8395	63
8396	25
8397	15
8398	10
8399	24
8400	40
8401	3
8402	24
8403	3
8404	18
8405	10
8406	51
8407	39
8408	22
8409	6
8410	1
8411	27
8412	8
8413	7
8414	9
8415	27
8416	36
8417	63
8418	3
8419	1
8420	3
8421	4
8422	36
8423	4
8424	24
8425	3
8426	47
8427	63
8428	5
8429	34
8430	5
8431	35
8432	6
8433	28
8434	16
8435	9
8436	1
8437	7
8438	30
8439	42
8440	30
8441	2
8442	25
8443	15
8444	1
8445	4
8446	28
8447	2
8448	3
8449	46
8450	25
8451	7
8452	4
8453	11
8454	46
8455	25
8456	4
8457	8
8458	7
8459	35
8460	22
8461	20
8462	32
8463	19
8464	34
8465	5
8466	32
8467	4
8468	52
8469	9
8470	6
8471	8
8472	63
8473	50
8474	12
8475	51
8476	5
8477	18
8478	52
8479	19
8480	4
8481	37
8482	63
8483	9
8484	26
8485	13
8486	1
8487	32
8488	27
8489	56
8490	18
8491	32
8492	46
8493	22
8494	29
8495	28
8496	8
8497	32
8498	13
8499	9
8500	1
8501	2
8502	2
8503	22
8504	55
8505	2
8506	7
8507	2
8508	31
8509	5
8510	19
8511	16
8512	3
8513	6
8514	29
8515	6
8516	61
8517	56
8518	21
8519	11
8520	42
8521	5
8522	11
8523	42
8524	6
8525	4
8526	36
8527	7
8528	27
8529	17
8530	18
8531	17
8532	6
8533	16
8534	10
8535	5
8536	20
8537	49
8538	55
8539	6
8540	4
8541	13
8542	16
8543	7
8544	37
8545	5
8546	3
8547	19
8548	3
8549	3
8550	6
8551	22
8552	59
8553	20
8554	18
8555	3
8556	10
8557	47
8558	8
8559	3
8560	5
8561	6
8562	14
8563	11
8564	24
8565	48
8566	30
8567	7
8568	14
8569	4
8570	40
8571	43
8572	49
8573	54
8574	2
8575	15
8576	19
8577	6
8578	2
8579	2
8580	61
8581	5
8582	11
8583	2
8584	2
8585	10
8586	6
8587	49
8588	36
8589	5
8590	59
8591	55
8592	43
8593	24
8594	19
8595	2
8596	46
8597	6
8598	62
8599	41
8600	28
8601	59
8602	20
8603	18
8604	25
8605	14
8606	52
8607	1
8608	19
8609	39
8610	37
8611	19
8612	20
8613	16
8614	3
8615	9
8616	13
8617	7
8618	9
8619	59
8620	16
8621	4
8622	11
8623	51
8624	5
8625	4
8626	7
8627	60
8628	2
8629	44
8630	9
8631	32
8632	38
8633	3
8634	10
8635	2
8636	48
8637	11
8638	27
8639	1
8640	29
8641	56
8642	14
8643	24
8644	3
8645	55
8646	12
8647	14
8648	7
8649	31
8650	1
8651	40
8652	33
8653	9
8654	5
8655	6
8656	25
8657	32
8658	23
8659	3
8660	4
8661	1
8662	10
8663	35
8664	57
8665	25
8666	4
8667	16
8668	2
8669	20
8670	13
8671	5
8672	9
8673	43
8674	5
8675	22
8676	8
8677	13
8678	6
8679	13
8680	6
8681	4
8682	24
8683	7
8684	63
8685	46
8686	50
8687	10
8688	63
8689	45
8690	3
8691	39
8692	18
8693	5
8694	20
8695	10
8696	13
8697	17
8698	2
8699	1
8700	5
8701	13
8702	30
8703	54
8704	11
8705	6
8706	4
8707	19
8708	17
8709	1
8710	32
8711	22
8712	20
8713	10
8714	5
8715	42
8716	8
8717	1
8718	1
8719	60
8720	57
8721	16
8722	26
8723	49
8724	17
8725	15
8726	2
8727	3
8728	63
8729	63
8730	4
8731	19
8732	20
8733	60
8734	3
8735	1
8736	8
8737	49
8738	49
8739	16
8740	15
8741	11
8742	15
8743	19
8744	15
8745	34
8746	4
8747	5
8748	39
8749	17
8750	20
8751	3
8752	12
8753	42
8754	1
8755	5
8756	51
8757	29
8758	64
8759	10
8760	12
8761	4
8762	28
8763	15
8764	1
8765	21
8766	27
8767	9
8768	27
8769	23
8770	8
8771	4
8772	59
8773	52
8774	42
8775	61
8776	33
8777	1
8778	13
8779	13
8780	12
8781	38
8782	3
8783	1
8784	56
8785	8
8786	2
8787	9
8788	1
8789	54
8790	4
8791	56
8792	27
8793	12
8794	5
8795	32
8796	41
8797	1
8798	34
8799	16
8800	27
8801	11
8802	47
8803	30
8804	21
8805	5
8806	12
8807	5
8808	9
8809	5
8810	18
8811	62
8812	18
8813	2
8814	5
8815	7
8816	17
8817	12
8818	1
8819	3
8820	26
8821	37
8822	1
8823	48
8824	1
8825	28
8826	1
8827	9
8828	9
8829	10
8830	4
8831	29
8832	17
8833	24
8834	1
8835	11
8836	21
8837	4
8838	35
8839	7
8840	47
8841	57
8842	8
8843	53
8844	41
8845	21
8846	35
8847	2
8848	3
8849	35
8850	21
8851	9
8852	28
8853	13
8854	1
8855	5
8856	30
8857	6
8858	30
8859	4
8860	6
8861	6
8862	54
8863	2
8864	47
8865	6
8866	15
8867	1
8868	11
8869	11
8870	4
8871	14
8872	2
8873	28
8874	14
8875	4
8876	33
8877	45
8878	27
8879	64
8880	15
8881	4
8882	21
8883	29
8884	39
8885	6
8886	8
8887	40
8888	9
8889	2
8890	14
8891	4
8892	34
8893	23
8894	39
8895	20
8896	6
8897	7
8898	33
8899	9
8900	47
8901	3
8902	4
8903	4
8904	44
8905	1
8906	9
8907	4
8908	2
8909	10
8910	5
8911	34
8912	39
8913	2
8914	27
8915	3
8916	41
8917	6
8918	19
8919	5
8920	13
8921	4
8922	42
8923	4
8924	53
8925	5
8926	8
8927	8
8928	33
8929	14
8930	3
8931	10
8932	8
8933	55
8934	3
8935	8
8936	58
8937	59
8938	3
8939	36
8940	57
8941	4
8942	7
8943	40
8944	29
8945	53
8946	35
8947	10
8948	22
8949	15
8950	31
8951	33
8952	6
8953	50
8954	6
8955	38
8956	1
8957	34
8958	43
8959	18
8960	33
8961	11
8962	21
8963	1
8964	45
8965	1
8966	4
8967	10
8968	12
8969	20
8970	24
8971	3
8972	64
8973	10
8974	5
8975	23
8976	4
8977	37
8978	6
8979	25
8980	35
8981	12
8982	29
8983	1
8984	8
8985	15
8986	45
8987	2
8988	3
8989	11
8990	30
8991	2
8992	3
8993	60
8994	24
8995	62
8996	1
8997	48
8998	17
8999	2
9000	14
9001	1
9002	52
9003	48
9004	11
9005	5
9006	27
9007	5
9008	4
9009	33
9010	2
9011	3
9012	37
9013	45
9014	6
9015	11
9016	14
9017	39
9018	63
9019	10
9020	5
9021	49
9022	2
9023	4
9024	32
9025	12
9026	40
9027	23
9028	8
9029	31
9030	16
9031	35
9032	22
9033	20
9034	12
9035	1
9036	8
9037	2
9038	51
9039	1
9040	6
9041	23
9042	7
9043	17
9044	5
9045	54
9046	60
9047	18
9048	8
9049	4
9050	44
9051	2
9052	6
9053	46
9054	27
9055	53
9056	53
9057	11
9058	8
9059	18
9060	44
9061	6
9062	6
9063	12
9064	10
9065	7
9066	27
9067	59
9068	49
9069	25
9070	47
9071	7
9072	4
9073	5
9074	53
9075	45
9076	6
9077	2
9078	20
9079	20
9080	58
9081	14
9082	32
9083	2
9084	19
9085	1
9086	2
9087	33
9088	1
9089	25
9090	38
9091	20
9092	37
9093	46
9094	3
9095	24
9096	15
9097	36
9098	31
9099	8
9100	14
9101	64
9102	13
9103	3
9104	3
9105	7
9106	15
9107	17
9108	28
9109	35
9110	16
9111	5
9112	7
9113	5
9114	10
9115	16
9116	19
9117	10
9118	1
9119	21
9120	59
9121	7
9122	17
9123	20
9124	2
9125	26
9126	2
9127	19
9128	58
9129	24
9130	4
9131	9
9132	13
9133	1
9134	16
9135	4
9136	1
9137	11
9138	2
9139	12
9140	16
9141	35
9142	35
9143	56
9144	1
9145	6
9146	3
9147	26
9148	6
9149	30
9150	3
9151	64
9152	7
9153	2
9154	51
9155	7
9156	4
9157	32
9158	9
9159	6
9160	8
9161	51
9162	18
9163	17
9164	13
9165	3
9166	15
9167	25
9168	2
9169	44
9170	1
9171	7
9172	2
9173	19
9174	6
9175	3
9176	26
9177	1
9178	7
9179	1
9180	13
9181	1
9182	4
9183	24
9184	30
9185	27
9186	16
9187	14
9188	28
9189	59
9190	22
9191	22
9192	22
9193	37
9194	6
9195	5
9196	19
9197	1
9198	12
9199	1
9200	19
9201	44
9202	1
9203	8
9204	42
9205	11
9206	26
9207	48
9208	12
9209	2
9210	17
9211	64
9212	2
9213	29
9214	40
9215	17
9216	20
9217	4
9218	8
9219	8
9220	30
9221	1
9222	1
9223	46
9224	27
9225	2
9226	7
9227	4
9228	11
9229	8
9230	61
9231	29
9232	25
9233	34
9234	49
9235	18
9236	1
9237	40
9238	13
9239	35
9240	6
9241	4
9242	19
9243	54
9244	16
9245	39
9246	30
9247	17
9248	40
9249	31
9250	6
9251	56
9252	25
9253	34
9254	2
9255	10
9256	2
9257	8
9258	8
9259	21
9260	27
9261	27
9262	14
9263	17
9264	31
9265	46
9266	1
9267	5
9268	42
9269	3
9270	16
9271	31
9272	6
9273	2
9274	52
9275	13
9276	13
9277	45
9278	32
9279	2
9280	25
9281	9
9282	13
9283	1
9284	14
9285	1
9286	23
9287	34
9288	5
9289	29
9290	3
9291	4
9292	2
9293	14
9294	44
9295	48
9296	25
9297	56
9298	1
9299	2
9300	22
9301	7
9302	46
9303	3
9304	4
9305	2
9306	2
9307	11
9308	19
9309	4
9310	14
9311	5
9312	54
9313	28
9314	38
9315	35
9316	6
9317	38
9318	44
9319	58
9320	11
9321	59
9322	2
9323	3
9324	4
9325	9
9326	1
9327	18
9328	46
9329	4
9330	50
9331	20
9332	1
9333	2
9334	11
9335	38
9336	6
9337	15
9338	14
9339	2
9340	5
9341	6
9342	7
9343	30
9344	1
9345	4
9346	1
9347	14
9348	54
9349	23
9350	19
9351	5
9352	2
9353	41
9354	4
9355	30
9356	48
9357	10
9358	38
9359	13
9360	29
9361	1
9362	14
9363	3
9364	27
9365	2
9366	13
9367	16
9368	29
9369	2
9370	23
9371	8
9372	17
9373	16
9374	1
9375	2
9376	4
9377	57
9378	11
9379	30
9380	17
9381	7
9382	3
9383	24
9384	26
9385	9
9386	8
9387	27
9388	1
9389	30
9390	29
9391	3
9392	9
9393	29
9394	31
9395	38
9396	2
9397	1
9398	41
9399	29
9400	23
9401	1
9402	16
9403	15
9404	4
9405	13
9406	24
9407	30
9408	6
9409	41
9410	16
9411	3
9412	7
9413	49
9414	58
9415	12
9416	14
9417	7
9418	16
9419	19
9420	6
9421	15
9422	8
9423	2
9424	1
9425	2
9426	2
9427	14
9428	3
9429	2
9430	36
9431	1
9432	34
9433	1
9434	62
9435	5
9436	30
9437	49
9438	33
9439	33
9440	4
9441	11
9442	54
9443	60
9444	6
9445	42
9446	4
9447	13
9448	23
9449	52
9450	6
9451	9
9452	35
9453	24
9454	35
9455	13
9456	4
9457	45
9458	61
9459	43
9460	6
9461	1
9462	22
9463	22
9464	1
9465	39
9466	4
9467	27
9468	1
9469	34
9470	63
9471	6
9472	24
9473	28
9474	13
9475	15
9476	7
9477	39
9478	9
9479	3
9480	1
9481	2
9482	5
9483	20
9484	16
9485	32
9486	47
9487	1
9488	14
9489	41
9490	37
9491	4
9492	9
9493	10
9494	10
9495	6
9496	6
9497	19
9498	38
9499	29
9500	17
9501	46
9502	4
9503	14
9504	7
9505	22
9506	22
9507	1
9508	6
9509	5
9510	50
9511	27
9512	33
9513	34
9514	53
9515	4
9516	2
9517	25
9518	7
9519	2
9520	22
9521	15
9522	38
9523	17
9524	8
9525	2
9526	29
9527	40
9528	3
9529	33
9530	34
9531	13
9532	61
9533	39
9534	22
9535	13
9536	13
9537	9
9538	1
9539	3
9540	28
9541	57
9542	16
9543	36
9544	62
9545	1
9546	59
9547	7
9548	6
9549	6
9550	3
9551	59
9552	26
9553	39
9554	20
9555	10
9556	1
9557	64
9558	63
9559	15
9560	31
9561	8
9562	4
9563	56
9564	58
9565	14
9566	54
9567	23
9568	25
9569	5
9570	34
9571	16
9572	8
9573	53
9574	2
9575	1
9576	27
9577	15
9578	6
9579	32
9580	7
9581	14
9582	2
9583	3
9584	24
9585	13
9586	5
9587	17
9588	6
9589	47
9590	2
9591	2
9592	37
9593	17
9594	24
9595	21
9596	28
9597	21
9598	43
9599	1
9600	8
9601	42
9602	56
9603	10
9604	6
9605	21
9606	24
9607	16
9608	52
9609	6
9610	33
9611	1
9612	42
9613	14
9614	8
9615	28
9616	43
9617	15
9618	47
9619	6
9620	19
9621	11
9622	36
9623	50
9624	17
9625	7
9626	4
9627	32
9628	6
9629	1
9630	4
9631	16
9632	32
9633	7
9634	2
9635	4
9636	37
9637	13
9638	17
9639	9
9640	2
9641	2
9642	16
9643	1
9644	36
9645	4
9646	6
9647	8
9648	1
9649	48
9650	36
9651	11
9652	3
9653	6
9654	28
9655	7
9656	7
9657	4
9658	64
9659	54
9660	1
9661	31
9662	6
9663	28
9664	39
9665	7
9666	3
9667	7
9668	20
9669	29
9670	3
9671	27
9672	12
9673	3
9674	5
9675	47
9676	1
9677	39
9678	24
9679	4
9680	14
9681	41
9682	6
9683	1
9684	45
9685	42
9686	4
9687	1
9688	2
9689	58
9690	1
9691	12
9692	1
9693	11
9694	37
9695	4
9696	2
9697	32
9698	41
9699	14
9700	6
9701	43
9702	13
9703	2
9704	54
9705	1
9706	57
9707	46
9708	22
9709	12
9710	11
9711	30
9712	12
9713	7
9714	5
9715	36
9716	53
9717	9
9718	1
9719	7
9720	38
9721	1
9722	10
9723	28
9724	26
9725	5
9726	50
9727	3
9728	1
9729	3
9730	13
9731	1
9732	16
9733	18
9734	7
9735	15
9736	3
9737	7
9738	32
9739	61
9740	1
9741	14
9742	5
9743	21
9744	4
9745	55
9746	12
9747	48
9748	3
9749	51
9750	18
9751	1
9752	23
9753	20
9754	64
9755	58
9756	9
9757	1
9758	31
9759	1
9760	5
9761	1
9762	7
9763	26
9764	10
9765	25
9766	31
9767	32
9768	53
9769	13
9770	59
9771	8
9772	9
9773	1
9774	6
9775	3
9776	5
9777	2
9778	3
9779	43
9780	5
9781	3
9782	8
9783	16
9784	15
9785	2
9786	6
9787	15
9788	10
9789	7
9790	1
9791	4
9792	22
9793	21
9794	4
9795	1
9796	26
9797	59
9798	3
9799	25
9800	21
9801	46
9802	59
9803	31
9804	17
9805	7
9806	2
9807	31
9808	25
9809	15
9810	47
9811	11
9812	18
9813	4
9814	18
9815	12
9816	3
9817	19
9818	14
9819	3
9820	1
9821	23
9822	4
9823	19
9824	5
9825	8
9826	8
9827	17
9828	15
9829	8
9830	8
9831	7
9832	4
9833	1
9834	30
9835	56
9836	7
9837	59
9838	30
9839	13
9840	10
9841	5
9842	2
9843	6
9844	24
9845	13
9846	33
9847	56
9848	6
9849	1
9850	43
9851	37
9852	27
9853	11
9854	43
9855	20
9856	5
9857	16
9858	12
9859	4
9860	10
9861	1
9862	7
9863	18
9864	44
9865	11
9866	8
9867	20
9868	26
9869	24
9870	38
9871	21
9872	28
9873	58
9874	15
9875	36
9876	42
9877	8
9878	28
9879	26
9880	4
9881	11
9882	12
9883	11
9884	4
9885	47
9886	2
9887	4
9888	5
9889	8
9890	61
9891	24
9892	40
9893	14
9894	24
9895	4
9896	2
9897	6
9898	16
9899	1
9900	29
9901	34
9902	54
9903	5
9904	4
9905	26
9906	1
9907	8
9908	21
9909	2
9910	16
9911	47
9912	7
9913	18
9914	15
9915	28
9916	10
9917	7
9918	19
9919	5
9920	57
9921	42
9922	8
9923	10
9924	10
9925	1
9926	1
9927	6
9928	37
9929	60
9930	6
9931	9
9932	6
9933	7
9934	16
9935	6
9936	13
9937	2
9938	3
9939	5
9940	12
9941	7
9942	11
9943	47
9944	6
9945	62
9946	2
9947	16
9948	62
9949	35
9950	12
9951	12
9952	1
9953	42
9954	48
9955	3
9956	58
9957	6
9958	6
9959	24
9960	1
9961	2
9962	45
9963	45
9964	2
9965	21
9966	55
9967	6
9968	9
9969	2
9970	61
9971	27
9972	18
9973	38
9974	4
9975	15
9976	3
9977	14
9978	12
9979	1
9980	17
9981	48
9982	18
9983	2
9984	1
9985	33
9986	31
9987	32
9988	4
9989	57
9990	4
9991	15
9992	1
9993	6
9994	6
9995	42
9996	47
9997	11
9998	7
9999	32
10000	2
