1	10
2	7
3	1
4	15
5	2
6	23
7	7
8	3
9	3
10	5
11	21
12	3
13	8
14	8
15	12
16	19
17	22
18	3
19	6
20	7
21	10
22	9
23	8
24	12
25	4
26	4
27	14
28	8
29	1
30	6
31	14
32	12
33	22
34	21
35	5
36	22
37	15
38	5
39	14
40	23
41	13
42	15
43	19
44	10
45	18
46	20
47	2
48	12
49	17
50	7
51	17
52	17
53	14
54	12
55	7
56	8
57	20
58	8
59	14
60	4
61	22
62	21
63	1
64	22
65	11
66	7
67	9
68	21
69	4
70	8
71	4
72	1
73	18
74	5
75	12
76	8
77	19
78	13
79	23
80	10
81	10
82	20
83	20
84	16
85	19
86	11
87	18
88	6
89	21
90	16
91	1
92	5
93	6
94	18
95	4
96	15
97	4
98	13
99	9
100	3
101	21
102	2
103	20
104	7
105	3
106	18
107	11
108	23
109	3
110	7
111	11
112	4
113	2
114	1
115	8
116	9
117	21
118	20
119	10
120	9
121	10
122	22
123	17
124	1
125	9
126	18
127	8
128	20
129	20
130	20
131	11
132	4
133	9
134	11
135	16
136	21
137	13
138	18
139	4
140	6
141	11
142	3
143	5
144	20
145	4
146	3
147	7
148	15
149	5
150	4
151	3
152	8
153	4
154	11
155	13
156	15
157	1
158	12
159	23
160	23
161	16
162	6
163	20
164	11
165	17
166	23
167	21
168	22
169	15
170	2
171	2
172	6
173	22
174	21
175	11
176	2
177	4
178	8
179	20
180	19
181	10
182	20
183	8
184	9
185	7
186	6
187	6
188	5
189	3
190	20
191	20
192	1
193	2
194	13
195	18
196	19
197	11
198	2
199	13
200	6
201	2
202	5
203	16
204	16
205	1
206	18
207	1
208	5
209	14
210	5
211	7
212	19
213	17
214	4
215	4
216	7
217	9
218	9
219	21
220	10
221	11
222	15
223	23
224	16
225	6
226	7
227	18
228	2
229	7
230	1
231	6
232	14
233	8
234	20
235	16
236	8
237	11
238	1
239	4
240	23
241	8
242	19
243	10
244	1
245	13
246	10
247	14
248	8
249	3
250	10
251	23
252	13
253	8
254	1
255	23
256	3
257	14
258	19
259	6
260	7
261	19
262	6
263	14
264	13
265	6
266	9
267	1
268	1
269	4
270	11
271	1
272	5
273	4
274	4
275	14
276	17
277	19
278	9
279	4
280	12
281	8
282	13
283	13
284	19
285	15
286	3
287	16
288	17
289	2
290	22
291	15
292	8
293	11
294	3
295	2
296	7
297	1
298	9
299	3
300	9
301	13
302	2
303	20
304	22
305	1
306	7
307	3
308	12
309	2
310	23
311	10
312	1
313	14
314	10
315	11
316	2
317	6
318	22
319	12
320	6
321	19
322	15
323	9
324	1
325	9
326	23
327	17
328	20
329	13
330	1
331	1
332	20
333	16
334	17
335	4
336	12
337	5
338	2
339	9
340	2
341	20
342	18
343	17
344	7
345	13
346	5
347	9
348	12
349	13
350	21
351	4
352	14
353	19
354	5
355	1
356	18
357	16
358	13
359	18
360	23
361	3
362	1
363	16
364	5
365	15
366	10
367	3
368	23
369	10
370	3
371	7
372	3
373	15
374	3
375	14
376	5
377	6
378	10
379	5
380	19
381	9
382	1
383	18
384	12
385	5
386	17
387	18
388	22
389	19
390	6
391	2
392	9
393	1
394	11
395	11
396	19
397	12
398	14
399	19
400	3
401	4
402	3
403	1
404	3
405	21
406	7
407	6
408	12
409	7
410	23
411	2
412	4
413	14
414	7
415	15
416	15
417	4
418	5
419	13
420	6
421	12
422	10
423	2
424	4
425	1
426	5
427	8
428	10
429	6
430	7
431	6
432	19
433	10
434	19
435	2
436	11
437	17
438	12
439	1
440	7
441	1
442	14
443	6
444	22
445	14
446	14
447	1
448	23
449	9
450	5
451	14
452	15
453	2
454	13
455	17
456	8
457	9
458	18
459	5
460	10
461	4
462	9
463	2
464	11
465	12
466	10
467	11
468	20
469	1
470	16
471	5
472	9
473	12
474	6
475	17
476	7
477	1
478	5
479	12
480	18
481	11
482	3
483	4
484	14
485	5
486	3
487	2
488	10
489	15
490	1
491	5
492	14
493	13
494	22
495	16
496	8
497	13
498	17
499	20
500	6
501	13
502	16
503	17
504	16
505	8
506	6
507	7
508	11
509	2
510	17
511	4
512	23
513	6
514	18
515	23
516	9
517	15
518	18
519	6
520	21
521	15
522	19
523	4
524	4
525	23
526	14
527	17
528	6
529	23
530	18
531	12
532	10
533	10
534	7
535	12
536	10
537	2
538	10
539	5
540	2
541	8
542	20
543	21
544	15
545	16
546	8
547	1
548	16
549	12
550	10
551	7
552	13
553	17
554	13
555	17
556	3
557	14
558	5
559	21
560	2
561	4
562	4
563	17
564	8
565	3
566	2
567	16
568	23
569	16
570	12
571	3
572	23
573	11
574	1
575	5
576	19
577	8
578	9
579	13
580	9
581	15
582	4
583	9
584	22
585	12
586	20
587	9
588	3
589	1
590	20
591	11
592	8
593	8
594	22
595	2
596	20
597	7
598	10
599	17
600	22
601	6
602	11
603	6
604	1
605	17
606	9
607	4
608	1
609	1
610	15
611	6
612	10
613	3
614	23
615	11
616	2
617	15
618	6
619	4
620	9
621	14
622	9
623	11
624	13
625	19
626	13
627	11
628	22
629	8
630	19
631	7
632	2
633	8
634	8
635	2
636	12
637	7
638	16
639	14
640	6
641	13
642	5
643	16
644	15
645	15
646	11
647	21
648	17
649	19
650	21
651	4
652	21
653	3
654	23
655	2
656	9
657	7
658	16
659	18
660	22
661	1
662	1
663	13
664	22
665	19
666	10
667	1
668	9
669	6
670	8
671	2
672	1
673	4
674	3
675	11
676	3
677	16
678	12
679	21
680	15
681	12
682	3
683	4
684	14
685	11
686	14
687	1
688	12
689	14
690	22
691	6
692	23
693	6
694	2
695	1
696	2
697	7
698	18
699	3
700	2
701	3
702	5
703	10
704	19
705	22
706	6
707	2
708	5
709	8
710	19
711	17
712	9
713	1
714	16
715	18
716	4
717	13
718	19
719	3
720	10
721	5
722	20
723	12
724	16
725	15
726	12
727	2
728	2
729	7
730	22
731	22
732	19
733	5
734	11
735	20
736	6
737	10
738	18
739	20
740	15
741	12
742	15
743	21
744	20
745	15
746	21
747	23
748	5
749	9
750	19
751	10
752	22
753	23
754	16
755	14
756	9
757	12
758	4
759	11
760	14
761	9
762	7
763	21
764	4
765	1
766	3
767	2
768	19
769	22
770	17
771	15
772	9
773	2
774	6
775	11
776	16
777	15
778	8
779	7
780	12
781	14
782	23
783	9
784	16
785	3
786	11
787	8
788	22
789	1
790	12
791	2
792	2
793	21
794	11
795	18
796	16
797	20
798	12
799	4
800	6
801	11
802	11
803	23
804	12
805	16
806	10
807	8
808	7
809	6
810	12
811	4
812	7
813	20
814	7
815	20
816	13
817	18
818	6
819	1
820	16
821	11
822	2
823	10
824	2
825	1
826	21
827	22
828	19
829	17
830	7
831	2
832	3
833	1
834	12
835	10
836	2
837	5
838	3
839	11
840	17
841	8
842	22
843	22
844	8
845	15
846	2
847	12
848	2
849	13
850	7
851	23
852	8
853	19
854	10
855	7
856	4
857	13
858	12
859	5
860	16
861	14
862	16
863	8
864	7
865	17
866	5
867	19
868	16
869	21
870	8
871	19
872	8
873	2
874	18
875	21
876	14
877	15
878	1
879	7
880	5
881	22
882	10
883	18
884	17
885	21
886	7
887	12
888	12
889	5
890	21
891	3
892	2
893	1
894	17
895	13
896	9
897	7
898	15
899	20
900	13
901	15
902	17
903	5
904	7
905	8
906	15
907	17
908	2
909	13
910	10
911	20
912	11
913	7
914	8
915	11
916	14
917	3
918	1
919	2
920	21
921	9
922	1
923	1
924	8
925	2
926	18
927	23
928	10
929	1
930	11
931	21
932	11
933	15
934	23
935	14
936	14
937	12
938	18
939	17
940	2
941	13
942	20
943	6
944	15
945	14
946	10
947	10
948	8
949	1
950	3
951	3
952	21
953	7
954	1
955	23
956	1
957	4
958	2
959	15
960	6
961	2
962	6
963	22
964	2
965	8
966	11
967	20
968	23
969	1
970	8
971	3
972	17
973	21
974	22
975	7
976	4
977	10
978	23
979	3
980	1
981	3
982	13
983	9
984	6
985	2
986	3
987	11
988	3
989	5
990	13
991	18
992	4
993	10
994	17
995	13
996	11
997	14
998	2
999	3
1000	15
1001	4
1002	4
1003	21
1004	2
1005	14
1006	6
1007	9
1008	18
1009	5
1010	3
1011	23
1012	5
1013	19
1014	1
1015	11
1016	4
1017	11
1018	5
1019	1
1020	8
1021	4
1022	5
1023	5
1024	13
1025	1
1026	10
1027	18
1028	6
1029	5
1030	13
1031	12
1032	15
1033	22
1034	16
1035	3
1036	17
1037	20
1038	18
1039	5
1040	14
1041	2
1042	21
1043	1
1044	22
1045	2
1046	13
1047	19
1048	9
1049	7
1050	18
1051	9
1052	23
1053	4
1054	20
1055	8
1056	12
1057	13
1058	21
1059	20
1060	8
1061	5
1062	2
1063	17
1064	6
1065	3
1066	9
1067	18
1068	14
1069	4
1070	4
1071	15
1072	12
1073	17
1074	12
1075	18
1076	9
1077	20
1078	5
1079	13
1080	1
1081	19
1082	10
1083	17
1084	7
1085	20
1086	17
1087	23
1088	15
1089	16
1090	3
1091	16
1092	3
1093	1
1094	20
1095	13
1096	10
1097	2
1098	3
1099	3
1100	23
1101	6
1102	21
1103	20
1104	6
1105	6
1106	12
1107	13
1108	16
1109	1
1110	17
1111	4
1112	8
1113	22
1114	8
1115	5
1116	7
1117	9
1118	3
1119	22
1120	7
1121	3
1122	8
1123	23
1124	19
1125	16
1126	16
1127	16
1128	6
1129	23
1130	15
1131	22
1132	10
1133	13
1134	3
1135	9
1136	13
1137	2
1138	9
1139	11
1140	16
1141	14
1142	1
1143	1
1144	14
1145	2
1146	11
1147	14
1148	2
1149	10
1150	16
1151	11
1152	11
1153	2
1154	18
1155	20
1156	15
1157	21
1158	17
1159	3
1160	3
1161	19
1162	16
1163	9
1164	21
1165	11
1166	22
1167	1
1168	10
1169	7
1170	8
1171	8
1172	14
1173	2
1174	8
1175	13
1176	5
1177	2
1178	23
1179	2
1180	6
1181	7
1182	11
1183	19
1184	19
1185	21
1186	17
1187	8
1188	14
1189	19
1190	22
1191	19
1192	11
1193	18
1194	15
1195	4
1196	8
1197	7
1198	6
1199	5
1200	10
1201	13
1202	14
1203	6
1204	6
1205	10
1206	13
1207	13
1208	12
1209	13
1210	3
1211	21
1212	14
1213	2
1214	2
1215	18
1216	19
1217	18
1218	21
1219	5
1220	12
1221	5
1222	17
1223	4
1224	3
1225	12
1226	6
1227	1
1228	22
1229	11
1230	3
1231	3
1232	13
1233	20
1234	6
1235	5
1236	5
1237	4
1238	2
1239	22
1240	11
1241	10
1242	6
1243	10
1244	18
1245	14
1246	16
1247	15
1248	10
1249	2
1250	1
1251	4
1252	13
1253	18
1254	13
1255	9
1256	17
1257	11
1258	19
1259	2
1260	3
1261	18
1262	21
1263	1
1264	8
1265	10
1266	5
1267	18
1268	11
1269	6
1270	20
1271	2
1272	3
1273	5
1274	23
1275	5
1276	7
1277	1
1278	23
1279	10
1280	15
1281	18
1282	1
1283	13
1284	18
1285	18
1286	6
1287	21
1288	10
1289	9
1290	9
1291	13
1292	5
1293	15
1294	10
1295	1
1296	2
1297	22
1298	3
1299	16
1300	19
1301	20
1302	17
1303	9
1304	5
1305	19
1306	9
1307	11
1308	2
1309	21
1310	15
1311	2
1312	8
1313	19
1314	7
1315	21
1316	21
1317	17
1318	11
1319	6
1320	13
1321	12
1322	3
1323	10
1324	6
1325	6
1326	5
1327	6
1328	16
1329	3
1330	7
1331	3
1332	3
1333	15
1334	1
1335	7
1336	9
1337	13
1338	17
1339	8
1340	16
1341	2
1342	11
1343	22
1344	1
1345	2
1346	14
1347	2
1348	6
1349	18
1350	14
1351	2
1352	14
1353	7
1354	11
1355	21
1356	4
1357	21
1358	4
1359	14
1360	8
1361	4
1362	16
1363	6
1364	17
1365	17
1366	20
1367	4
1368	5
1369	7
1370	10
1371	7
1372	3
1373	15
1374	7
1375	5
1376	14
1377	1
1378	21
1379	4
1380	4
1381	2
1382	19
1383	6
1384	18
1385	4
1386	6
1387	18
1388	6
1389	7
1390	7
1391	10
1392	8
1393	15
1394	3
1395	4
1396	5
1397	13
1398	23
1399	19
1400	4
1401	21
1402	3
1403	12
1404	22
1405	8
1406	13
1407	7
1408	10
1409	1
1410	9
1411	10
1412	19
1413	12
1414	16
1415	1
1416	3
1417	9
1418	12
1419	3
1420	5
1421	8
1422	19
1423	1
1424	14
1425	7
1426	14
1427	11
1428	6
1429	9
1430	6
1431	5
1432	15
1433	23
1434	22
1435	12
1436	9
1437	12
1438	5
1439	2
1440	3
1441	18
1442	12
1443	9
1444	23
1445	13
1446	23
1447	19
1448	15
1449	1
1450	1
1451	22
1452	13
1453	7
1454	15
1455	5
1456	14
1457	1
1458	18
1459	3
1460	10
1461	23
1462	2
1463	1
1464	8
1465	15
1466	4
1467	21
1468	23
1469	16
1470	21
1471	10
1472	20
1473	11
1474	19
1475	17
1476	1
1477	4
1478	2
1479	2
1480	11
1481	16
1482	15
1483	18
1484	2
1485	17
1486	12
1487	9
1488	4
1489	1
1490	3
1491	2
1492	15
1493	10
1494	22
1495	16
1496	8
1497	3
1498	15
1499	4
1500	14
1501	3
1502	18
1503	20
1504	14
1505	18
1506	12
1507	11
1508	19
1509	4
1510	12
1511	10
1512	8
1513	5
1514	14
1515	3
1516	7
1517	22
1518	18
1519	22
1520	9
1521	16
1522	14
1523	1
1524	3
1525	8
1526	9
1527	16
1528	12
1529	18
1530	14
1531	7
1532	20
1533	8
1534	14
1535	5
1536	2
1537	2
1538	6
1539	12
1540	15
1541	1
1542	7
1543	17
1544	16
1545	4
1546	5
1547	20
1548	14
1549	16
1550	16
1551	17
1552	15
1553	13
1554	2
1555	15
1556	12
1557	17
1558	20
1559	5
1560	1
1561	8
1562	4
1563	23
1564	20
1565	3
1566	22
1567	23
1568	4
1569	12
1570	18
1571	3
1572	16
1573	16
1574	7
1575	1
1576	3
1577	9
1578	22
1579	22
1580	9
1581	21
1582	3
1583	21
1584	9
1585	17
1586	5
1587	1
1588	16
1589	9
1590	17
1591	22
1592	5
1593	1
1594	17
1595	2
1596	12
1597	12
1598	1
1599	15
1600	4
