1	16
2	12
3	1
4	3
5	57
6	60
7	6
8	3
9	57
10	18
11	54
12	3
13	10
14	19
15	8
16	9
17	19
18	31
19	5
20	14
21	20
22	4
23	3
24	14
25	59
26	2
27	5
28	12
29	32
30	6
31	3
32	1
33	18
34	2
35	5
36	28
37	24
38	3
39	41
40	20
41	5
42	40
43	37
44	4
45	17
46	1
47	49
48	20
49	64
50	12
51	11
52	2
53	23
54	5
55	48
56	7
57	17
58	16
59	45
60	18
61	18
62	12
63	15
64	21
65	10
66	1
67	7
68	2
69	16
70	57
71	3
72	10
73	26
74	2
75	6
76	20
77	4
78	1
79	7
80	35
81	9
82	24
83	1
84	3
85	28
86	20
87	2
88	64
89	16
90	5
91	3
92	43
93	33
94	9
95	44
96	3
97	55
98	11
99	4
100	32
101	3
102	1
103	5
104	17
105	23
106	40
107	2
108	5
109	4
110	1
111	12
112	50
113	3
114	4
115	17
116	2
117	43
118	61
119	64
120	20
121	34
122	58
123	14
124	10
125	62
126	7
127	1
128	4
129	30
130	28
131	19
132	10
133	10
134	10
135	12
136	7
137	7
138	1
139	8
140	4
141	52
142	1
143	7
144	23
145	12
146	31
147	37
148	5
149	42
150	13
151	30
152	10
153	28
154	4
155	6
156	1
157	40
158	18
159	10
160	29
161	2
162	22
163	4
164	34
165	3
166	10
167	44
168	8
169	15
170	9
171	12
172	8
173	47
174	8
175	15
176	1
177	13
178	6
179	5
180	25
181	62
182	27
183	56
184	48
185	5
186	61
187	25
188	54
189	33
190	18
191	13
192	16
193	55
194	38
195	40
196	7
197	24
198	4
199	17
200	63
201	2
202	38
203	15
204	11
205	45
206	35
207	8
208	53
209	8
210	14
211	5
212	39
213	15
214	5
215	64
216	6
217	7
218	3
219	2
220	12
221	8
222	4
223	10
224	1
225	8
226	20
227	5
228	2
229	53
230	54
231	12
232	1
233	8
234	4
235	2
236	28
237	1
238	15
239	63
240	8
241	16
242	27
243	14
244	41
245	32
246	8
247	8
248	1
249	3
250	6
251	23
252	62
253	20
254	33
255	41
256	2
257	3
258	38
259	21
260	23
261	13
262	19
263	51
264	3
265	19
266	1
267	55
268	7
269	37
270	8
271	22
272	18
273	26
274	3
275	1
276	29
277	62
278	60
279	47
280	63
281	51
282	8
283	28
284	20
285	47
286	34
287	15
288	3
289	4
290	32
291	19
292	8
293	4
294	4
295	3
296	8
297	8
298	9
299	2
300	19
301	55
302	42
303	32
304	7
305	38
306	12
307	57
308	12
309	13
310	18
311	46
312	41
313	5
314	37
315	40
316	23
317	42
318	5
319	20
320	1
321	1
322	4
323	14
324	29
325	54
326	3
327	4
328	2
329	32
330	40
331	41
332	40
333	1
334	39
335	24
336	6
337	5
338	57
339	51
340	20
341	7
342	1
343	1
344	3
345	2
346	39
347	2
348	37
349	3
350	5
351	48
352	56
353	50
354	30
355	40
356	12
357	9
358	2
359	21
360	52
361	57
362	39
363	40
364	25
365	5
366	30
367	33
368	6
369	14
370	49
371	33
372	31
373	40
374	36
375	56
376	18
377	3
378	13
379	50
380	4
381	1
382	56
383	11
384	28
385	62
386	16
387	4
388	13
389	49
390	39
391	60
392	3
393	17
394	2
395	32
396	1
397	17
398	55
399	8
400	25
401	40
402	34
403	53
404	10
405	3
406	43
407	28
408	14
409	23
410	4
411	15
412	56
413	37
414	57
415	4
416	53
417	19
418	3
419	19
420	9
421	5
422	30
423	9
424	1
425	8
426	47
427	15
428	9
429	1
430	58
431	16
432	19
433	17
434	13
435	6
436	1
437	26
438	1
439	10
440	41
441	11
442	9
443	4
444	1
445	2
446	15
447	38
448	10
449	4
450	1
451	8
452	49
453	4
454	4
455	2
456	17
457	4
458	9
459	6
460	4
461	16
462	16
463	11
464	1
465	63
466	14
467	17
468	15
469	17
470	45
471	25
472	1
473	45
474	40
475	6
476	10
477	48
478	43
479	55
480	6
481	25
482	12
483	3
484	18
485	2
486	33
487	7
488	7
489	5
490	8
491	5
492	10
493	34
494	2
495	11
496	36
497	7
498	16
499	8
500	21
501	59
502	4
503	5
504	28
505	34
506	10
507	53
508	16
509	20
510	41
511	5
512	9
513	22
514	13
515	21
516	5
517	12
518	15
519	27
520	17
521	35
522	4
523	5
524	15
525	37
526	52
527	6
528	41
529	12
530	45
531	3
532	44
533	28
534	29
535	4
536	16
537	45
538	6
539	30
540	7
541	9
542	10
543	8
544	46
545	1
546	3
547	10
548	29
549	4
550	19
551	14
552	37
553	32
554	7
555	27
556	2
557	19
558	27
559	1
560	2
561	18
562	35
563	1
564	22
565	1
566	2
567	2
568	9
569	25
570	8
571	10
572	41
573	3
574	42
575	36
576	61
577	18
578	10
579	5
580	23
581	20
582	23
583	9
584	1
585	4
586	27
587	36
588	21
589	4
590	54
591	2
592	17
593	31
594	32
595	42
596	36
597	46
598	4
599	14
600	7
601	27
602	25
603	13
604	27
605	29
606	4
607	7
608	11
609	47
610	3
611	46
612	3
613	7
614	5
615	49
616	57
617	12
618	9
619	10
620	42
621	5
622	3
623	51
624	11
625	35
626	5
627	1
628	2
629	39
630	4
631	10
632	8
633	16
634	1
635	1
636	23
637	1
638	15
639	29
640	63
641	2
642	29
643	13
644	4
645	1
646	2
647	18
648	5
649	10
650	62
651	2
652	29
653	9
654	1
655	9
656	35
657	1
658	1
659	6
660	34
661	6
662	43
663	21
664	13
665	19
666	28
667	14
668	1
669	53
670	4
671	33
672	13
673	22
674	10
675	22
676	1
677	2
678	64
679	13
680	39
681	2
682	3
683	6
684	31
685	6
686	7
687	40
688	3
689	15
690	36
691	52
692	17
693	1
694	3
695	19
696	50
697	1
698	4
699	14
700	25
701	7
702	44
703	10
704	5
705	7
706	1
707	12
708	1
709	11
710	4
711	2
712	61
713	45
714	24
715	1
716	42
717	26
718	17
719	30
720	23
721	3
722	32
723	5
724	4
725	3
726	40
727	27
728	27
729	17
730	9
731	4
732	1
733	42
734	21
735	17
736	50
737	36
738	18
739	11
740	2
741	6
742	58
743	62
744	4
745	32
746	7
747	24
748	2
749	14
750	20
751	3
752	36
753	32
754	3
755	25
756	3
757	15
758	2
759	6
760	10
761	4
762	12
763	34
764	2
765	25
766	58
767	4
768	1
769	45
770	63
771	58
772	16
773	12
774	29
775	27
776	19
777	1
778	5
779	20
780	6
781	28
782	51
783	4
784	57
785	1
786	7
787	10
788	28
789	25
790	13
791	3
792	22
793	35
794	48
795	16
796	39
797	37
798	11
799	5
800	2
801	47
802	19
803	8
804	27
805	60
806	30
807	58
808	5
809	6
810	3
811	10
812	39
813	7
814	9
815	14
816	1
817	2
818	26
819	3
820	28
821	2
822	6
823	17
824	56
825	13
826	29
827	3
828	23
829	6
830	1
831	39
832	6
833	16
834	5
835	10
836	63
837	2
838	19
839	15
840	13
841	1
842	22
843	4
844	29
845	40
846	21
847	61
848	13
849	11
850	1
851	4
852	3
853	44
854	3
855	11
856	10
857	49
858	18
859	7
860	20
861	2
862	29
863	15
864	10
865	3
866	5
867	19
868	3
869	7
870	15
871	15
872	8
873	20
874	42
875	6
876	2
877	4
878	49
879	8
880	28
881	11
882	64
883	5
884	7
885	13
886	11
887	11
888	8
889	9
890	10
891	31
892	38
893	33
894	21
895	3
896	10
897	60
898	4
899	50
900	3
901	38
902	3
903	1
904	3
905	41
906	3
907	1
908	15
909	13
910	61
911	30
912	4
913	62
914	6
915	3
916	42
917	39
918	18
919	11
920	4
921	55
922	14
923	5
924	27
925	7
926	43
927	5
928	4
929	4
930	16
931	23
932	6
933	9
934	51
935	56
936	7
937	6
938	20
939	49
940	8
941	16
942	11
943	6
944	43
945	21
946	54
947	1
948	1
949	2
950	8
951	6
952	50
953	2
954	9
955	36
956	8
957	44
958	9
959	19
960	11
961	5
962	62
963	4
964	11
965	1
966	28
967	1
968	32
969	5
970	44
971	36
972	28
973	4
974	43
975	13
976	59
977	39
978	2
979	18
980	11
981	51
982	15
983	36
984	18
985	58
986	3
987	55
988	3
989	12
990	51
991	21
992	15
993	19
994	1
995	20
996	30
997	60
998	1
999	14
1000	13
1001	24
1002	8
1003	6
1004	58
1005	10
1006	59
1007	2
1008	26
1009	43
1010	62
1011	36
1012	45
1013	21
1014	41
1015	33
1016	35
1017	4
1018	50
1019	40
1020	44
1021	23
1022	28
1023	64
1024	6
1025	34
1026	22
1027	12
1028	2
1029	3
1030	14
1031	4
1032	1
1033	11
1034	3
1035	19
1036	17
1037	54
1038	6
1039	1
1040	4
1041	46
1042	6
1043	1
1044	41
1045	5
1046	5
1047	9
1048	1
1049	45
1050	20
1051	9
1052	49
1053	45
1054	1
1055	24
1056	4
1057	2
1058	14
1059	44
1060	17
1061	59
1062	23
1063	17
1064	15
1065	64
1066	33
1067	27
1068	1
1069	12
1070	6
1071	40
1072	3
1073	1
1074	6
1075	56
1076	3
1077	13
1078	26
1079	39
1080	46
1081	25
1082	26
1083	31
1084	5
1085	17
1086	13
1087	30
1088	14
1089	2
1090	14
1091	12
1092	5
1093	34
1094	13
1095	1
1096	13
1097	2
1098	41
1099	3
1100	20
1101	40
1102	5
1103	6
1104	10
1105	30
1106	8
1107	40
1108	17
1109	15
1110	21
1111	15
1112	14
1113	10
1114	16
1115	2
1116	28
1117	7
1118	45
1119	5
1120	21
1121	7
1122	35
1123	24
1124	53
1125	14
1126	12
1127	1
1128	39
1129	30
1130	6
1131	28
1132	5
1133	46
1134	24
1135	5
1136	14
1137	44
1138	30
1139	36
1140	15
1141	1
1142	28
1143	3
1144	17
1145	3
1146	2
1147	21
1148	6
1149	4
1150	22
1151	26
1152	37
1153	60
1154	16
1155	30
1156	11
1157	28
1158	15
1159	11
1160	61
1161	16
1162	3
1163	7
1164	62
1165	4
1166	30
1167	6
1168	3
1169	47
1170	41
1171	20
1172	42
1173	32
1174	2
1175	8
1176	7
1177	35
1178	9
1179	8
1180	6
1181	1
1182	19
1183	15
1184	10
1185	10
1186	15
1187	2
1188	8
1189	1
1190	19
1191	64
1192	1
1193	35
1194	5
1195	3
1196	1
1197	6
1198	10
1199	35
1200	4
1201	14
1202	17
1203	40
1204	4
1205	11
1206	2
1207	58
1208	13
1209	7
1210	12
1211	4
1212	57
1213	2
1214	37
1215	5
1216	6
1217	27
1218	16
1219	16
1220	4
1221	49
1222	63
1223	55
1224	22
1225	1
1226	7
1227	9
1228	30
1229	54
1230	7
1231	16
1232	9
1233	11
1234	4
1235	9
1236	31
1237	5
1238	2
1239	33
1240	47
1241	1
1242	15
1243	63
1244	9
1245	4
1246	13
1247	3
1248	42
1249	2
1250	62
1251	1
1252	21
1253	5
1254	1
1255	21
1256	6
1257	60
1258	11
1259	41
1260	8
1261	5
1262	1
1263	2
1264	45
1265	25
1266	19
1267	6
1268	6
1269	13
1270	2
1271	48
1272	2
1273	13
1274	3
1275	1
1276	14
1277	19
1278	26
1279	60
1280	6
1281	6
1282	1
1283	2
1284	30
1285	7
1286	9
1287	4
1288	10
1289	17
1290	2
1291	5
1292	51
1293	64
1294	27
1295	15
1296	3
1297	56
1298	13
1299	21
1300	5
1301	30
1302	1
1303	27
1304	6
1305	49
1306	54
1307	31
1308	6
1309	1
1310	58
1311	2
1312	8
1313	36
1314	64
1315	4
1316	8
1317	21
1318	13
1319	42
1320	46
1321	6
1322	11
1323	19
1324	64
1325	9
1326	8
1327	1
1328	20
1329	2
1330	30
1331	16
1332	5
1333	46
1334	59
1335	6
1336	26
1337	34
1338	8
1339	16
1340	27
1341	26
1342	20
1343	11
1344	6
1345	18
1346	27
1347	6
1348	4
1349	15
1350	17
1351	30
1352	1
1353	4
1354	7
1355	61
1356	15
1357	2
1358	9
1359	4
1360	18
1361	53
1362	5
1363	9
1364	36
1365	1
1366	55
1367	2
1368	18
1369	11
1370	11
1371	32
1372	8
1373	5
1374	22
1375	7
1376	53
1377	3
1378	3
1379	8
1380	11
1381	3
1382	43
1383	22
1384	19
1385	2
1386	17
1387	14
1388	6
1389	1
1390	8
1391	5
1392	6
1393	24
1394	13
1395	34
1396	5
1397	18
1398	7
1399	48
1400	38
1401	11
1402	35
1403	37
1404	12
1405	57
1406	8
1407	2
1408	3
1409	42
1410	4
1411	1
1412	17
1413	3
1414	40
1415	21
1416	1
1417	12
1418	14
1419	6
1420	2
1421	17
1422	26
1423	2
1424	25
1425	14
1426	4
1427	13
1428	14
1429	3
1430	3
1431	22
1432	2
1433	30
1434	7
1435	2
1436	8
1437	5
1438	7
1439	4
1440	14
1441	4
1442	29
1443	20
1444	60
1445	6
1446	15
1447	3
1448	2
1449	8
1450	2
1451	8
1452	40
1453	3
1454	44
1455	3
1456	51
1457	29
1458	6
1459	1
1460	18
1461	1
1462	52
1463	40
1464	2
1465	37
1466	3
1467	25
1468	23
1469	13
1470	8
1471	28
1472	5
1473	24
1474	7
1475	20
1476	1
1477	19
1478	3
1479	12
1480	4
1481	1
1482	3
1483	1
1484	27
1485	7
1486	14
1487	42
1488	25
1489	28
1490	5
1491	18
1492	11
1493	60
1494	12
1495	4
1496	41
1497	10
1498	46
1499	43
1500	16
1501	2
1502	14
1503	39
1504	1
1505	48
1506	36
1507	3
1508	28
1509	3
1510	25
1511	59
1512	43
1513	24
1514	1
1515	5
1516	4
1517	7
1518	15
1519	6
1520	44
1521	26
1522	1
1523	9
1524	7
1525	17
1526	3
1527	49
1528	7
1529	18
1530	7
1531	8
1532	39
1533	34
1534	8
1535	9
1536	2
1537	1
1538	26
1539	10
1540	19
1541	41
1542	21
1543	4
1544	22
1545	35
1546	6
1547	9
1548	15
1549	25
1550	26
1551	11
1552	6
1553	17
1554	24
1555	1
1556	8
1557	2
1558	41
1559	13
1560	1
1561	1
1562	11
1563	19
1564	6
1565	26
1566	32
1567	39
1568	9
1569	11
1570	1
1571	23
1572	12
1573	1
1574	9
1575	4
1576	18
1577	40
1578	25
1579	3
1580	17
1581	48
1582	6
1583	4
1584	2
1585	44
1586	23
1587	21
1588	9
1589	54
1590	54
1591	6
1592	30
1593	11
1594	3
1595	11
1596	7
1597	6
1598	22
1599	44
1600	49
1601	2
1602	9
1603	3
1604	52
1605	40
1606	21
1607	9
1608	18
1609	54
1610	12
1611	6
1612	2
1613	11
1614	59
1615	7
1616	2
1617	33
1618	27
1619	1
1620	1
1621	11
1622	7
1623	34
1624	4
1625	8
1626	54
1627	18
1628	25
1629	14
1630	16
1631	38
1632	4
1633	22
1634	26
1635	1
1636	1
1637	63
1638	15
1639	6
1640	10
1641	48
1642	35
1643	4
1644	32
1645	7
1646	4
1647	19
1648	1
1649	1
1650	44
1651	3
1652	44
1653	7
1654	55
1655	18
1656	45
1657	4
1658	53
1659	36
1660	40
1661	6
1662	6
1663	30
1664	10
1665	4
1666	27
1667	5
1668	9
1669	61
1670	13
1671	14
1672	23
1673	2
1674	4
1675	5
1676	4
1677	2
1678	6
1679	61
1680	10
1681	23
1682	18
1683	4
1684	8
1685	24
1686	45
1687	20
1688	13
1689	16
1690	3
1691	44
1692	1
1693	31
1694	8
1695	11
1696	31
1697	32
1698	24
1699	30
1700	59
1701	13
1702	36
1703	2
1704	3
1705	4
1706	53
1707	18
1708	33
1709	25
1710	25
1711	18
1712	2
1713	11
1714	48
1715	10
1716	59
1717	1
1718	26
1719	8
1720	5
1721	2
1722	7
1723	63
1724	55
1725	4
1726	30
1727	6
1728	8
1729	44
1730	46
1731	8
1732	60
1733	20
1734	30
1735	3
1736	27
1737	49
1738	15
1739	1
1740	21
1741	15
1742	5
1743	5
1744	14
1745	2
1746	41
1747	53
1748	12
1749	6
1750	7
1751	7
1752	12
1753	38
1754	26
1755	60
1756	18
1757	34
1758	36
1759	61
1760	2
1761	52
1762	5
1763	13
1764	51
1765	3
1766	6
1767	14
1768	21
1769	14
1770	23
1771	42
1772	4
1773	20
1774	2
1775	35
1776	60
1777	29
1778	1
1779	48
1780	1
1781	2
1782	22
1783	61
1784	2
1785	47
1786	23
1787	15
1788	13
1789	9
1790	3
1791	3
1792	4
1793	7
1794	28
1795	48
1796	1
1797	6
1798	38
1799	14
1800	34
1801	9
1802	9
1803	12
1804	27
1805	23
1806	30
1807	12
1808	39
1809	20
1810	7
1811	21
1812	11
1813	43
1814	15
1815	5
1816	4
1817	15
1818	6
1819	43
1820	39
1821	10
1822	24
1823	39
1824	9
1825	27
1826	1
1827	64
1828	13
1829	5
1830	41
1831	15
1832	12
1833	6
1834	1
1835	1
1836	46
1837	6
1838	26
1839	1
1840	6
1841	21
1842	9
1843	15
1844	49
1845	60
1846	8
1847	40
1848	27
1849	51
1850	2
1851	15
1852	16
1853	11
1854	33
1855	6
1856	5
1857	6
1858	26
1859	44
1860	35
1861	60
1862	2
1863	16
1864	4
1865	6
1866	63
1867	15
1868	12
1869	3
1870	4
1871	63
1872	1
1873	38
1874	13
1875	20
1876	6
1877	13
1878	4
1879	3
1880	2
1881	29
1882	15
1883	23
1884	33
1885	36
1886	7
1887	30
1888	35
1889	48
1890	2
1891	44
1892	13
1893	16
1894	29
1895	8
1896	26
1897	39
1898	29
1899	38
1900	6
1901	7
1902	45
1903	16
1904	58
1905	24
1906	4
1907	22
1908	22
1909	14
1910	6
1911	2
1912	31
1913	16
1914	16
1915	1
1916	8
1917	34
1918	32
1919	34
1920	2
1921	44
1922	13
1923	10
1924	6
1925	24
1926	5
1927	3
1928	21
1929	23
1930	7
1931	1
1932	15
1933	10
1934	46
1935	34
1936	18
1937	2
1938	7
1939	20
1940	36
1941	9
1942	27
1943	12
1944	6
1945	3
1946	7
1947	5
1948	6
1949	13
1950	31
1951	12
1952	4
1953	3
1954	17
1955	4
1956	8
1957	4
1958	44
1959	7
1960	6
1961	18
1962	1
1963	62
1964	3
1965	9
1966	7
1967	55
1968	28
1969	38
1970	24
1971	29
1972	11
1973	2
1974	14
1975	13
1976	8
1977	4
1978	9
1979	30
1980	12
1981	30
1982	34
1983	10
1984	30
1985	8
1986	33
1987	1
1988	12
1989	11
1990	22
1991	34
1992	43
1993	1
1994	5
1995	14
1996	20
1997	23
1998	22
1999	36
2000	3
2001	48
2002	19
2003	6
2004	7
2005	32
2006	14
2007	7
2008	8
2009	10
2010	4
2011	58
2012	2
2013	7
2014	1
2015	15
2016	17
2017	2
2018	27
2019	43
2020	12
2021	41
2022	1
2023	1
2024	1
2025	1
2026	11
2027	61
2028	45
2029	53
2030	52
2031	19
2032	2
2033	1
2034	10
2035	42
2036	28
2037	5
2038	1
2039	3
2040	9
2041	3
2042	10
2043	4
2044	5
2045	54
2046	34
2047	50
2048	4
2049	56
2050	35
2051	5
2052	2
2053	54
2054	2
2055	14
2056	40
2057	5
2058	1
2059	4
2060	32
2061	14
2062	32
2063	58
2064	15
2065	1
2066	8
2067	3
2068	26
2069	6
2070	43
2071	29
2072	15
2073	1
2074	20
2075	14
2076	1
2077	48
2078	2
2079	17
2080	5
2081	64
2082	7
2083	32
2084	12
2085	2
2086	57
2087	9
2088	48
2089	3
2090	14
2091	1
2092	11
2093	63
2094	30
2095	4
2096	18
2097	7
2098	14
2099	1
2100	15
2101	4
2102	5
2103	11
2104	3
2105	18
2106	19
2107	19
2108	59
2109	41
2110	46
2111	2
2112	15
2113	18
2114	1
2115	46
2116	28
2117	1
2118	41
2119	9
2120	34
2121	13
2122	3
2123	34
2124	22
2125	4
2126	50
2127	9
2128	18
2129	2
2130	22
2131	13
2132	7
2133	3
2134	57
2135	3
2136	52
2137	20
2138	6
2139	29
2140	3
2141	6
2142	21
2143	26
2144	25
2145	18
2146	21
2147	6
2148	31
2149	17
2150	19
2151	4
2152	6
2153	28
2154	1
2155	4
2156	27
2157	29
2158	51
2159	61
2160	3
2161	10
2162	13
2163	1
2164	7
2165	12
2166	6
2167	16
2168	45
2169	4
2170	3
2171	5
2172	20
2173	12
2174	52
2175	3
2176	28
2177	23
2178	11
2179	60
2180	2
2181	28
2182	11
2183	2
2184	12
2185	7
2186	59
2187	18
2188	6
2189	1
2190	53
2191	29
2192	5
2193	29
2194	6
2195	10
2196	12
2197	60
2198	1
2199	49
2200	31
2201	6
2202	54
2203	17
2204	1
2205	3
2206	38
2207	20
2208	1
2209	3
2210	7
2211	32
2212	11
2213	51
2214	47
2215	4
2216	61
2217	11
2218	15
2219	33
2220	1
2221	7
2222	12
2223	6
2224	1
2225	57
2226	23
2227	19
2228	1
2229	1
2230	1
2231	3
2232	3
2233	4
2234	14
2235	10
2236	19
2237	3
2238	2
2239	59
2240	3
2241	1
2242	7
2243	39
2244	5
2245	2
2246	40
2247	26
2248	33
2249	4
2250	1
2251	3
2252	10
2253	8
2254	1
2255	27
2256	58
2257	7
2258	41
2259	26
2260	12
2261	38
2262	1
2263	1
2264	16
2265	11
2266	4
2267	3
2268	42
2269	5
2270	43
2271	1
2272	8
2273	55
2274	1
2275	7
2276	7
2277	8
2278	7
2279	12
2280	8
2281	3
2282	21
2283	7
2284	47
2285	21
2286	6
2287	9
2288	24
2289	9
2290	15
2291	39
2292	7
2293	3
2294	3
2295	13
2296	49
2297	3
2298	3
2299	5
2300	3
2301	45
2302	30
2303	5
2304	2
2305	49
2306	23
2307	52
2308	3
2309	14
2310	2
2311	15
2312	51
2313	59
2314	10
2315	18
2316	12
2317	24
2318	2
2319	1
2320	9
2321	2
2322	5
2323	5
2324	20
2325	29
2326	16
2327	3
2328	38
2329	46
2330	27
2331	29
2332	15
2333	7
2334	4
2335	3
2336	59
2337	19
2338	20
2339	58
2340	11
2341	5
2342	42
2343	4
2344	49
2345	26
2346	41
2347	32
2348	4
2349	1
2350	21
2351	1
2352	23
2353	29
2354	40
2355	37
2356	51
2357	13
2358	4
2359	23
2360	11
2361	2
2362	25
2363	39
2364	44
2365	15
2366	22
2367	36
2368	17
2369	16
2370	18
2371	50
2372	45
2373	3
2374	33
2375	3
2376	36
2377	38
2378	4
2379	17
2380	45
2381	48
2382	7
2383	36
2384	3
2385	36
2386	21
2387	41
2388	25
2389	24
2390	18
2391	3
2392	7
2393	7
2394	22
2395	1
2396	26
2397	31
2398	24
2399	34
2400	3
2401	2
2402	54
2403	3
2404	11
2405	17
2406	14
2407	10
2408	24
2409	18
2410	50
2411	6
2412	1
2413	9
2414	36
2415	48
2416	7
2417	18
2418	13
2419	50
2420	10
2421	1
2422	51
2423	10
2424	10
2425	5
2426	4
2427	6
2428	59
2429	4
2430	32
2431	20
2432	5
2433	7
2434	19
2435	3
2436	32
2437	13
2438	10
2439	4
2440	2
2441	21
2442	31
2443	3
2444	37
2445	1
2446	28
2447	44
2448	1
2449	62
2450	7
2451	7
2452	17
2453	2
2454	7
2455	48
2456	9
2457	51
2458	24
2459	12
2460	19
2461	8
2462	31
2463	2
2464	3
2465	25
2466	5
2467	63
2468	1
2469	14
2470	2
2471	2
2472	9
2473	11
2474	35
2475	3
2476	1
2477	39
2478	32
2479	8
2480	9
2481	2
2482	17
2483	11
2484	41
2485	63
2486	5
2487	14
2488	22
2489	25
2490	30
2491	39
2492	21
2493	39
2494	51
2495	56
2496	5
2497	48
2498	3
2499	6
2500	1
2501	1
2502	7
2503	7
2504	53
2505	17
2506	55
2507	5
2508	1
2509	19
2510	13
2511	59
2512	2
2513	12
2514	7
2515	16
2516	51
2517	59
2518	7
2519	9
2520	2
2521	1
2522	32
2523	2
2524	22
2525	2
2526	47
2527	43
2528	9
2529	7
2530	54
2531	12
2532	37
2533	52
2534	4
2535	25
2536	17
2537	4
2538	3
2539	10
2540	35
2541	3
2542	6
2543	16
2544	50
2545	39
2546	27
2547	6
2548	10
2549	33
2550	18
2551	13
2552	27
2553	9
2554	56
2555	51
2556	3
2557	38
2558	42
2559	4
2560	2
2561	51
2562	16
2563	13
2564	27
2565	14
2566	6
2567	3
2568	7
2569	54
2570	9
2571	12
2572	2
2573	4
2574	23
2575	15
2576	6
2577	18
2578	1
2579	59
2580	20
2581	16
2582	52
2583	53
2584	18
2585	3
2586	8
2587	7
2588	1
2589	42
2590	1
2591	43
2592	64
2593	7
2594	5
2595	18
2596	17
2597	4
2598	50
2599	48
2600	1
2601	54
2602	4
2603	18
2604	46
2605	5
2606	7
2607	6
2608	37
2609	1
2610	4
2611	9
2612	1
2613	64
2614	10
2615	5
2616	35
2617	23
2618	4
2619	40
2620	37
2621	14
2622	6
2623	2
2624	5
2625	61
2626	10
2627	23
2628	17
2629	2
2630	29
2631	11
2632	19
2633	40
2634	44
2635	37
2636	1
2637	20
2638	59
2639	8
2640	44
2641	4
2642	10
2643	11
2644	10
2645	53
2646	31
2647	6
2648	3
2649	8
2650	3
2651	8
2652	25
2653	24
2654	7
2655	1
2656	24
2657	12
2658	60
2659	3
2660	49
2661	59
2662	12
2663	8
2664	53
2665	32
2666	6
2667	7
2668	29
2669	9
2670	64
2671	27
2672	24
2673	8
2674	4
2675	44
2676	1
2677	39
2678	5
2679	21
2680	8
2681	7
2682	51
2683	50
2684	14
2685	5
2686	4
2687	33
2688	5
2689	29
2690	64
2691	8
2692	57
2693	21
2694	2
2695	11
2696	4
2697	22
2698	44
2699	10
2700	42
2701	30
2702	43
2703	18
2704	6
2705	34
2706	3
2707	38
2708	17
2709	1
2710	7
2711	6
2712	4
2713	54
2714	37
2715	10
2716	24
2717	1
2718	3
2719	5
2720	8
2721	1
2722	27
2723	42
2724	2
2725	12
2726	45
2727	14
2728	9
2729	4
2730	2
2731	13
2732	7
2733	2
2734	40
2735	5
2736	4
2737	48
2738	6
2739	18
2740	18
2741	4
2742	57
2743	41
2744	7
2745	3
2746	2
2747	24
2748	32
2749	22
2750	9
2751	5
2752	43
2753	27
2754	45
2755	2
2756	16
2757	15
2758	4
2759	5
2760	48
2761	49
2762	37
2763	19
2764	5
2765	38
2766	1
2767	38
2768	2
2769	5
2770	20
2771	18
2772	25
2773	1
2774	22
2775	19
2776	2
2777	12
2778	32
2779	7
2780	1
2781	8
2782	1
2783	1
2784	2
2785	58
2786	7
2787	31
2788	42
2789	7
2790	2
2791	25
2792	7
2793	11
2794	43
2795	1
2796	48
2797	4
2798	4
2799	23
2800	35
2801	4
2802	25
2803	8
2804	17
2805	1
2806	28
2807	19
2808	19
2809	28
2810	39
2811	27
2812	12
2813	1
2814	5
2815	2
2816	49
2817	16
2818	27
2819	62
2820	38
2821	11
2822	21
2823	29
2824	2
2825	7
2826	18
2827	52
2828	11
2829	41
2830	1
2831	11
2832	1
2833	14
2834	12
2835	11
2836	13
2837	7
2838	15
2839	3
2840	3
2841	4
2842	27
2843	14
2844	6
2845	51
2846	35
2847	37
2848	34
2849	2
2850	22
2851	63
2852	17
2853	19
2854	3
2855	14
2856	10
2857	2
2858	3
2859	10
2860	15
2861	62
2862	1
2863	37
2864	58
2865	8
2866	7
2867	31
2868	8
2869	10
2870	6
2871	15
2872	14
2873	1
2874	33
2875	22
2876	32
2877	2
2878	52
2879	61
2880	1
2881	9
2882	2
2883	4
2884	6
2885	15
2886	22
2887	7
2888	50
2889	18
2890	34
2891	4
2892	6
2893	12
2894	1
2895	60
2896	48
2897	33
2898	50
2899	25
2900	60
2901	12
2902	44
2903	7
2904	20
2905	2
2906	62
2907	2
2908	1
2909	1
2910	3
2911	9
2912	3
2913	42
2914	2
2915	5
2916	4
2917	43
2918	13
2919	1
2920	36
2921	4
2922	46
2923	30
2924	41
2925	61
2926	63
2927	6
2928	63
2929	3
2930	2
2931	40
2932	4
2933	1
2934	3
2935	21
2936	24
2937	36
2938	37
2939	2
2940	54
2941	46
2942	18
2943	24
2944	3
2945	13
2946	8
2947	19
2948	2
2949	26
2950	45
2951	2
2952	19
2953	13
2954	6
2955	21
2956	13
2957	5
2958	56
2959	2
2960	4
2961	14
2962	4
2963	4
2964	15
2965	35
2966	28
2967	56
2968	1
2969	39
2970	4
2971	7
2972	10
2973	6
2974	40
2975	15
2976	62
2977	24
2978	56
2979	29
2980	1
2981	3
2982	1
2983	18
2984	13
2985	17
2986	3
2987	25
2988	11
2989	47
2990	12
2991	55
2992	60
2993	17
2994	6
2995	1
2996	2
2997	3
2998	40
2999	1
3000	1
3001	4
3002	2
3003	8
3004	9
3005	12
3006	29
3007	56
3008	51
3009	32
3010	2
3011	33
3012	3
3013	27
3014	6
3015	38
3016	14
3017	2
3018	13
3019	40
3020	14
3021	2
3022	53
3023	6
3024	21
3025	6
3026	7
3027	3
3028	21
3029	47
3030	2
3031	22
3032	4
3033	29
3034	1
3035	5
3036	56
3037	32
3038	26
3039	29
3040	2
3041	12
3042	30
3043	1
3044	19
3045	5
3046	3
3047	49
3048	6
3049	21
3050	21
3051	27
3052	38
3053	14
3054	1
3055	60
3056	19
3057	32
3058	2
3059	2
3060	2
3061	6
3062	20
3063	10
3064	11
3065	60
3066	13
3067	2
3068	36
3069	4
3070	24
3071	1
3072	8
3073	21
3074	1
3075	2
3076	2
3077	29
3078	1
3079	5
3080	14
3081	64
3082	61
3083	7
3084	5
3085	45
3086	2
3087	9
3088	37
3089	18
3090	17
3091	41
3092	22
3093	16
3094	33
3095	12
3096	27
3097	42
3098	13
3099	5
3100	10
3101	34
3102	15
3103	28
3104	33
3105	10
3106	4
3107	7
3108	4
3109	1
3110	7
3111	3
3112	13
3113	7
3114	10
3115	36
3116	1
3117	62
3118	1
3119	34
3120	8
3121	4
3122	16
3123	16
3124	7
3125	42
3126	53
3127	54
3128	10
3129	19
3130	12
3131	47
3132	44
3133	9
3134	14
3135	22
3136	17
3137	6
3138	22
3139	32
3140	48
3141	9
3142	9
3143	2
3144	34
3145	28
3146	16
3147	6
3148	32
3149	1
3150	17
3151	3
3152	2
3153	3
3154	8
3155	56
3156	4
3157	12
3158	25
3159	5
3160	30
3161	57
3162	55
3163	7
3164	5
3165	1
3166	10
3167	34
3168	4
3169	15
3170	4
3171	6
3172	4
3173	17
3174	31
3175	11
3176	10
3177	14
3178	11
3179	1
3180	16
3181	13
3182	8
3183	13
3184	20
3185	15
3186	5
3187	3
3188	44
3189	26
3190	1
3191	20
3192	28
3193	3
3194	62
3195	3
3196	56
3197	6
3198	15
3199	26
3200	1
3201	4
3202	28
3203	1
3204	5
3205	48
3206	47
3207	2
3208	52
3209	1
3210	18
3211	37
3212	44
3213	14
3214	45
3215	26
3216	14
3217	2
3218	4
3219	7
3220	10
3221	4
3222	11
3223	62
3224	2
3225	4
3226	64
3227	1
3228	25
3229	9
3230	31
3231	9
3232	47
3233	8
3234	14
3235	57
3236	13
3237	29
3238	43
3239	2
3240	24
3241	47
3242	4
3243	3
3244	36
3245	24
3246	17
3247	5
3248	13
3249	17
3250	15
3251	11
3252	17
3253	6
3254	9
3255	13
3256	21
3257	30
3258	8
3259	15
3260	57
3261	55
3262	59
3263	19
3264	8
3265	5
3266	21
3267	14
3268	31
3269	1
3270	1
3271	2
3272	58
3273	5
3274	32
3275	31
3276	27
3277	28
3278	19
3279	1
3280	1
3281	3
3282	24
3283	45
3284	24
3285	2
3286	1
3287	30
3288	3
3289	18
3290	16
3291	22
3292	27
3293	22
3294	37
3295	1
3296	21
3297	28
3298	30
3299	30
3300	2
3301	42
3302	30
3303	33
3304	3
3305	3
3306	22
3307	48
3308	12
3309	57
3310	38
3311	1
3312	6
3313	28
3314	6
3315	5
3316	36
3317	12
3318	8
3319	4
3320	32
3321	20
3322	9
3323	6
3324	7
3325	1
3326	10
3327	50
3328	12
3329	17
3330	7
3331	3
3332	5
3333	7
3334	3
3335	7
3336	42
3337	41
3338	42
3339	59
3340	8
3341	16
3342	1
3343	2
3344	5
3345	19
3346	10
3347	5
3348	34
3349	1
3350	39
3351	47
3352	1
3353	52
3354	30
3355	23
3356	5
3357	4
3358	30
3359	9
3360	14
3361	3
3362	3
3363	2
3364	27
3365	13
3366	1
3367	2
3368	1
3369	22
3370	12
3371	1
3372	57
3373	26
3374	10
3375	6
3376	4
3377	58
3378	62
3379	2
3380	9
3381	23
3382	22
3383	26
3384	5
3385	64
3386	32
3387	4
3388	29
3389	55
3390	57
3391	6
3392	6
3393	3
3394	7
3395	5
3396	7
3397	43
3398	1
3399	23
3400	7
3401	17
3402	11
3403	40
3404	10
3405	17
3406	3
3407	13
3408	5
3409	1
3410	1
3411	55
3412	3
3413	57
3414	27
3415	61
3416	4
3417	8
3418	3
3419	30
3420	2
3421	19
3422	5
3423	22
3424	28
3425	13
3426	3
3427	20
3428	5
3429	2
3430	11
3431	49
3432	21
3433	4
3434	38
3435	15
3436	26
3437	48
3438	1
3439	3
3440	50
3441	11
3442	46
3443	6
3444	2
3445	2
3446	47
3447	21
3448	12
3449	23
3450	2
3451	7
3452	18
3453	19
3454	26
3455	12
3456	17
3457	26
3458	18
3459	16
3460	31
3461	43
3462	56
3463	10
3464	19
3465	3
3466	19
3467	8
3468	29
3469	11
3470	24
3471	9
3472	2
3473	2
3474	3
3475	24
3476	6
3477	13
3478	1
3479	5
3480	29
3481	45
3482	4
3483	32
3484	39
3485	11
3486	30
3487	7
3488	3
3489	44
3490	29
3491	1
3492	53
3493	8
3494	1
3495	25
3496	26
3497	63
3498	30
3499	1
3500	13
3501	32
3502	3
3503	7
3504	24
3505	35
3506	3
3507	39
3508	5
3509	10
3510	36
3511	3
3512	26
3513	11
3514	14
3515	27
3516	14
3517	48
3518	4
3519	56
3520	18
3521	8
3522	64
3523	11
3524	33
3525	6
3526	41
3527	54
3528	16
3529	3
3530	2
3531	5
3532	21
3533	3
3534	3
3535	2
3536	13
3537	64
3538	30
3539	11
3540	10
3541	8
3542	6
3543	5
3544	14
3545	4
3546	58
3547	1
3548	42
3549	32
3550	27
3551	16
3552	2
3553	18
3554	1
3555	1
3556	5
3557	15
3558	3
3559	3
3560	31
3561	10
3562	12
3563	8
3564	3
3565	25
3566	6
3567	28
3568	50
3569	42
3570	2
3571	24
3572	10
3573	17
3574	45
3575	34
3576	7
3577	7
3578	4
3579	5
3580	18
3581	8
3582	30
3583	3
3584	2
3585	5
3586	19
3587	5
3588	45
3589	58
3590	13
3591	2
3592	7
3593	1
3594	29
3595	2
3596	7
3597	4
3598	10
3599	19
3600	38
3601	6
3602	39
3603	25
3604	6
3605	20
3606	56
3607	26
3608	7
3609	8
3610	62
3611	11
3612	1
3613	5
3614	20
3615	6
3616	46
3617	53
3618	3
3619	1
3620	3
3621	22
3622	29
3623	19
3624	3
3625	3
3626	7
3627	31
3628	2
3629	12
3630	3
3631	7
3632	9
3633	17
3634	1
3635	52
3636	28
3637	5
3638	16
3639	35
3640	4
3641	12
3642	2
3643	41
3644	26
3645	5
3646	11
3647	31
3648	19
3649	19
3650	18
3651	42
3652	7
3653	55
3654	49
3655	37
3656	41
3657	39
3658	6
3659	2
3660	18
3661	28
3662	23
3663	23
3664	9
3665	19
3666	46
3667	9
3668	2
3669	5
3670	5
3671	41
3672	4
3673	31
3674	9
3675	54
3676	18
3677	55
3678	2
3679	2
3680	32
3681	7
3682	2
3683	39
3684	2
3685	2
3686	9
3687	41
3688	52
3689	8
3690	2
3691	63
3692	3
3693	43
3694	7
3695	58
3696	12
3697	56
3698	6
3699	7
3700	11
3701	6
3702	2
3703	5
3704	30
3705	33
3706	20
3707	3
3708	16
3709	34
3710	7
3711	21
3712	61
3713	37
3714	16
3715	2
3716	5
3717	41
3718	21
3719	1
3720	18
3721	2
3722	8
3723	6
3724	17
3725	1
3726	1
3727	33
3728	11
3729	11
3730	23
3731	5
3732	13
3733	11
3734	20
3735	43
3736	51
3737	11
3738	8
3739	5
3740	20
3741	57
3742	8
3743	45
3744	1
3745	11
3746	2
3747	46
3748	43
3749	3
3750	64
3751	2
3752	16
3753	35
3754	48
3755	35
3756	42
3757	16
3758	13
3759	10
3760	13
3761	60
3762	54
3763	6
3764	47
3765	51
3766	45
3767	2
3768	44
3769	64
3770	23
3771	39
3772	7
3773	2
3774	18
3775	39
3776	2
3777	3
3778	58
3779	47
3780	4
3781	13
3782	33
3783	3
3784	28
3785	44
3786	5
3787	18
3788	47
3789	57
3790	58
3791	17
3792	4
3793	8
3794	3
3795	3
3796	31
3797	12
3798	23
3799	4
3800	6
3801	53
3802	4
3803	2
3804	60
3805	3
3806	25
3807	20
3808	32
3809	23
3810	29
3811	20
3812	4
3813	11
3814	61
3815	1
3816	24
3817	6
3818	58
3819	26
3820	3
3821	27
3822	61
3823	50
3824	8
3825	24
3826	30
3827	12
3828	32
3829	45
3830	12
3831	56
3832	21
3833	49
3834	47
3835	52
3836	19
3837	10
3838	23
3839	24
3840	13
3841	34
3842	47
3843	25
3844	1
3845	5
3846	1
3847	16
3848	3
3849	5
3850	26
3851	55
3852	62
3853	9
3854	1
3855	17
3856	16
3857	23
3858	16
3859	48
3860	2
3861	10
3862	1
3863	4
3864	8
3865	41
3866	9
3867	38
3868	8
3869	3
3870	11
3871	13
3872	2
3873	6
3874	18
3875	2
3876	18
3877	60
3878	6
3879	18
3880	4
3881	3
3882	13
3883	19
3884	6
3885	23
3886	3
3887	15
3888	45
3889	42
3890	3
3891	4
3892	6
3893	56
3894	5
3895	2
3896	4
3897	12
3898	1
3899	54
3900	2
3901	40
3902	2
3903	11
3904	9
3905	2
3906	4
3907	43
3908	27
3909	64
3910	63
3911	23
3912	41
3913	5
3914	32
3915	27
3916	14
3917	53
3918	38
3919	25
3920	17
3921	35
3922	5
3923	57
3924	13
3925	58
3926	5
3927	29
3928	8
3929	49
3930	25
3931	26
3932	2
3933	3
3934	7
3935	16
3936	1
3937	32
3938	31
3939	11
3940	36
3941	28
3942	6
3943	5
3944	4
3945	3
3946	8
3947	1
3948	3
3949	4
3950	36
3951	19
3952	57
3953	16
3954	63
3955	18
3956	25
3957	38
3958	10
3959	11
3960	6
3961	9
3962	29
3963	14
3964	1
3965	7
3966	18
3967	30
3968	3
3969	17
3970	18
3971	11
3972	4
3973	23
3974	40
3975	2
3976	3
3977	53
3978	49
3979	15
3980	5
3981	11
3982	19
3983	31
3984	3
3985	4
3986	58
3987	18
3988	15
3989	24
3990	1
3991	51
3992	60
3993	13
3994	4
3995	14
3996	23
3997	44
3998	8
3999	3
4000	29
4001	28
4002	24
4003	11
4004	13
4005	26
4006	7
4007	22
4008	54
4009	4
4010	11
4011	54
4012	8
4013	3
4014	9
4015	63
4016	4
4017	13
4018	18
4019	39
4020	42
4021	56
4022	3
4023	25
4024	7
4025	43
4026	28
4027	6
4028	9
4029	4
4030	52
4031	35
4032	9
4033	7
4034	9
4035	4
4036	44
4037	1
4038	7
4039	5
4040	7
4041	54
4042	16
4043	25
4044	29
4045	7
4046	1
4047	10
4048	3
4049	18
4050	54
4051	26
4052	9
4053	10
4054	58
4055	3
4056	37
4057	19
4058	34
4059	2
4060	10
4061	16
4062	14
4063	8
4064	14
4065	5
4066	37
4067	23
4068	17
4069	1
4070	44
4071	2
4072	45
4073	15
4074	37
4075	2
4076	19
4077	14
4078	2
4079	16
4080	10
4081	9
4082	42
4083	15
4084	6
4085	7
4086	20
4087	4
4088	4
4089	51
4090	15
4091	43
4092	2
4093	20
4094	43
4095	8
4096	27
4097	2
4098	39
4099	2
4100	13
4101	21
4102	2
4103	4
4104	5
4105	5
4106	32
4107	2
4108	50
4109	6
4110	9
4111	10
4112	9
4113	11
4114	8
4115	38
4116	14
4117	6
4118	1
4119	11
4120	22
4121	50
4122	17
4123	47
4124	21
4125	29
4126	50
4127	43
4128	6
4129	11
4130	1
4131	1
4132	49
4133	5
4134	27
4135	46
4136	8
4137	2
4138	9
4139	12
4140	13
4141	20
4142	15
4143	2
4144	2
4145	37
4146	33
4147	42
4148	41
4149	48
4150	12
4151	4
4152	11
4153	5
4154	3
4155	2
4156	57
4157	57
4158	15
4159	29
4160	13
4161	8
4162	52
4163	10
4164	24
4165	39
4166	5
4167	18
4168	25
4169	10
4170	55
4171	2
4172	54
4173	14
4174	5
4175	1
4176	3
4177	26
4178	7
4179	6
4180	14
4181	1
4182	6
4183	4
4184	15
4185	5
4186	2
4187	62
4188	3
4189	5
4190	4
4191	8
4192	37
4193	7
4194	7
4195	10
4196	59
4197	18
4198	1
4199	8
4200	3
4201	50
4202	12
4203	62
4204	27
4205	43
4206	8
4207	20
4208	37
4209	16
4210	26
4211	24
4212	5
4213	29
4214	7
4215	51
4216	13
4217	13
4218	22
4219	24
4220	25
4221	4
4222	11
4223	18
4224	22
4225	48
4226	5
4227	16
4228	14
4229	17
4230	17
4231	20
4232	25
4233	14
4234	13
4235	33
4236	15
4237	17
4238	34
4239	33
4240	40
4241	29
4242	7
4243	7
4244	37
4245	14
4246	20
4247	4
4248	1
4249	29
4250	4
4251	9
4252	47
4253	2
4254	3
4255	10
4256	2
4257	44
4258	1
4259	1
4260	11
4261	5
4262	6
4263	1
4264	15
4265	9
4266	1
4267	48
4268	4
4269	7
4270	2
4271	30
4272	30
4273	58
4274	58
4275	34
4276	42
4277	11
4278	17
4279	7
4280	21
4281	57
4282	50
4283	8
4284	15
4285	14
4286	3
4287	4
4288	6
4289	15
4290	60
4291	55
4292	7
4293	44
4294	40
4295	3
4296	15
4297	3
4298	5
4299	35
4300	59
4301	53
4302	3
4303	51
4304	5
4305	33
4306	4
4307	59
4308	20
4309	8
4310	48
4311	24
4312	24
4313	27
4314	23
4315	1
4316	28
4317	31
4318	3
4319	59
4320	4
4321	53
4322	3
4323	9
4324	5
4325	11
4326	1
4327	62
4328	36
4329	4
4330	8
4331	21
4332	51
4333	22
4334	64
4335	3
4336	1
4337	38
4338	44
4339	3
4340	14
4341	26
4342	2
4343	3
4344	5
4345	6
4346	56
4347	12
4348	14
4349	12
4350	53
4351	13
4352	20
4353	56
4354	31
4355	58
4356	13
4357	2
4358	6
4359	48
4360	20
4361	46
4362	4
4363	40
4364	37
4365	3
4366	1
4367	27
4368	35
4369	1
4370	7
4371	4
4372	59
4373	45
4374	2
4375	1
4376	30
4377	20
4378	9
4379	30
4380	37
4381	13
4382	25
4383	38
4384	35
4385	22
4386	4
4387	1
4388	58
4389	23
4390	2
4391	41
4392	5
4393	9
4394	38
4395	53
4396	7
4397	47
4398	27
4399	28
4400	3
4401	4
4402	8
4403	33
4404	5
4405	3
4406	45
4407	49
4408	2
4409	4
4410	33
4411	7
4412	23
4413	27
4414	46
4415	7
4416	31
4417	5
4418	5
4419	4
4420	15
4421	20
4422	9
4423	4
4424	19
4425	50
4426	7
4427	2
4428	11
4429	6
4430	8
4431	13
4432	9
4433	5
4434	2
4435	17
4436	44
4437	17
4438	42
4439	1
4440	3
4441	7
4442	14
4443	19
4444	6
4445	4
4446	32
4447	42
4448	5
4449	12
4450	5
4451	17
4452	48
4453	2
4454	17
4455	47
4456	12
4457	20
4458	5
4459	58
4460	16
4461	51
4462	2
4463	52
4464	37
4465	27
4466	36
4467	8
4468	3
4469	2
4470	3
4471	1
4472	56
4473	5
4474	9
4475	63
4476	2
4477	13
4478	14
4479	4
4480	11
4481	1
4482	29
4483	24
4484	27
4485	23
4486	11
4487	1
4488	9
4489	6
4490	20
4491	6
4492	5
4493	56
4494	24
4495	3
4496	4
4497	21
4498	13
4499	31
4500	17
4501	53
4502	6
4503	16
4504	42
4505	6
4506	9
4507	2
4508	13
4509	25
4510	35
4511	34
4512	14
4513	55
4514	3
4515	4
4516	8
4517	42
4518	51
4519	15
4520	5
4521	36
4522	25
4523	25
4524	2
4525	25
4526	7
4527	6
4528	26
4529	4
4530	8
4531	11
4532	17
4533	47
4534	3
4535	12
4536	13
4537	34
4538	18
4539	5
4540	9
4541	13
4542	21
4543	30
4544	16
4545	33
4546	2
4547	26
4548	5
4549	12
4550	37
4551	3
4552	1
4553	51
4554	17
4555	1
4556	12
4557	3
4558	5
4559	61
4560	1
4561	15
4562	37
4563	7
4564	4
4565	2
4566	28
4567	46
4568	16
4569	35
4570	15
4571	1
4572	61
4573	37
4574	23
4575	15
4576	26
4577	9
4578	28
4579	22
4580	47
4581	26
4582	50
4583	54
4584	1
4585	32
4586	1
4587	4
4588	27
4589	44
4590	19
4591	54
4592	6
4593	47
4594	33
4595	52
4596	1
4597	10
4598	2
4599	25
4600	38
4601	23
4602	9
4603	23
4604	57
4605	4
4606	3
4607	28
4608	29
4609	34
4610	2
4611	17
4612	25
4613	21
4614	24
4615	9
4616	4
4617	25
4618	57
4619	5
4620	13
4621	1
4622	10
4623	60
4624	2
4625	21
4626	3
4627	36
4628	8
4629	3
4630	33
4631	13
4632	14
4633	17
4634	39
4635	2
4636	5
4637	12
4638	2
4639	1
4640	9
4641	35
4642	4
4643	52
4644	4
4645	8
4646	56
4647	38
4648	5
4649	25
4650	4
4651	4
4652	14
4653	5
4654	53
4655	9
4656	1
4657	39
4658	10
4659	4
4660	11
4661	39
4662	31
4663	17
4664	50
4665	4
4666	21
4667	21
4668	57
4669	2
4670	34
4671	2
4672	3
4673	42
4674	6
4675	7
4676	23
4677	11
4678	28
4679	26
4680	8
4681	2
4682	2
4683	10
4684	10
4685	10
4686	3
4687	5
4688	38
4689	1
4690	59
4691	2
4692	36
4693	41
4694	2
4695	24
4696	64
4697	56
4698	20
4699	1
4700	63
4701	39
4702	3
4703	5
4704	3
4705	33
4706	60
4707	46
4708	22
4709	25
4710	13
4711	8
4712	4
4713	5
4714	5
4715	5
4716	14
4717	9
4718	1
4719	4
4720	13
4721	50
4722	6
4723	58
4724	9
4725	8
4726	18
4727	2
4728	47
4729	26
4730	30
4731	14
4732	2
4733	1
4734	5
4735	37
4736	16
4737	57
4738	6
4739	22
4740	20
4741	5
4742	8
4743	8
4744	1
4745	19
4746	6
4747	3
4748	1
4749	46
4750	2
4751	17
4752	4
4753	33
4754	17
4755	7
4756	6
4757	4
4758	8
4759	13
4760	57
4761	2
4762	40
4763	46
4764	11
4765	2
4766	1
4767	52
4768	63
4769	22
4770	43
4771	4
4772	2
4773	31
4774	8
4775	18
4776	46
4777	10
4778	45
4779	49
4780	8
4781	8
4782	6
4783	33
4784	5
4785	24
4786	7
4787	1
4788	26
4789	7
4790	15
4791	1
4792	2
4793	11
4794	10
4795	46
4796	33
4797	9
4798	23
4799	4
4800	1
4801	5
4802	13
4803	40
4804	31
4805	46
4806	52
4807	38
4808	10
4809	47
4810	11
4811	20
4812	59
4813	46
4814	7
4815	23
4816	10
4817	30
4818	10
4819	28
4820	9
4821	9
4822	41
4823	22
4824	41
4825	35
4826	10
4827	12
4828	4
4829	14
4830	3
4831	3
4832	44
4833	3
4834	37
4835	2
4836	3
4837	24
4838	9
4839	5
4840	1
4841	8
4842	15
4843	29
4844	23
4845	45
4846	3
4847	4
4848	4
4849	59
4850	58
4851	17
4852	7
4853	10
4854	6
4855	1
4856	52
4857	12
4858	11
4859	58
4860	16
4861	17
4862	26
4863	60
4864	8
4865	26
4866	52
4867	4
4868	9
4869	5
4870	2
4871	9
4872	3
4873	7
4874	5
4875	13
4876	15
4877	62
4878	4
4879	12
4880	2
4881	10
4882	22
4883	31
4884	13
4885	12
4886	9
4887	5
4888	39
4889	50
4890	18
4891	1
4892	37
4893	1
4894	6
4895	19
4896	3
4897	32
4898	37
4899	9
4900	2
4901	21
4902	14
4903	35
4904	12
4905	54
4906	19
4907	16
4908	2
4909	7
4910	56
4911	7
4912	3
4913	12
4914	62
4915	19
4916	8
4917	30
4918	26
4919	23
4920	15
4921	9
4922	11
4923	3
4924	4
4925	12
4926	20
4927	50
4928	32
4929	3
4930	10
4931	7
4932	9
4933	35
4934	6
4935	16
4936	5
4937	9
4938	7
4939	30
4940	27
4941	43
4942	5
4943	33
4944	3
4945	37
4946	5
4947	58
4948	40
4949	48
4950	9
4951	23
4952	22
4953	11
4954	31
4955	36
4956	10
4957	16
4958	1
4959	2
4960	29
4961	48
4962	12
4963	29
4964	5
4965	3
4966	7
4967	49
4968	6
4969	56
4970	4
4971	15
4972	20
4973	4
4974	6
4975	51
4976	3
4977	46
4978	29
4979	19
4980	1
4981	14
4982	12
4983	4
4984	51
4985	44
4986	27
4987	6
4988	38
4989	4
4990	3
4991	4
4992	14
4993	39
4994	3
4995	40
4996	32
4997	17
4998	27
4999	11
5000	10
5001	8
5002	11
5003	54
5004	4
5005	28
5006	2
5007	3
5008	56
5009	15
5010	56
5011	26
5012	35
5013	2
5014	23
5015	4
5016	48
5017	27
5018	4
5019	31
5020	31
5021	4
5022	8
5023	10
5024	9
5025	29
5026	7
5027	10
5028	6
5029	3
5030	32
5031	36
5032	15
5033	38
5034	1
5035	51
5036	53
5037	7
5038	30
5039	15
5040	4
5041	3
5042	4
5043	28
5044	8
5045	47
5046	14
5047	5
5048	8
5049	1
5050	29
5051	23
5052	22
5053	15
5054	17
5055	40
5056	14
5057	11
5058	40
5059	14
5060	1
5061	3
5062	23
5063	8
5064	47
5065	57
5066	12
5067	38
5068	7
5069	16
5070	59
5071	31
5072	9
5073	22
5074	62
5075	3
5076	17
5077	42
5078	37
5079	53
5080	7
5081	4
5082	1
5083	25
5084	50
5085	5
5086	2
5087	33
5088	61
5089	1
5090	3
5091	1
5092	1
5093	54
5094	3
5095	6
5096	5
5097	11
5098	18
5099	43
5100	11
5101	3
5102	3
5103	8
5104	37
5105	50
5106	2
5107	4
5108	16
5109	3
5110	56
5111	3
5112	20
5113	24
5114	13
5115	2
5116	6
5117	1
5118	45
5119	33
5120	8
5121	38
5122	54
5123	2
5124	4
5125	36
5126	7
5127	36
5128	5
5129	1
5130	2
5131	16
5132	7
5133	50
5134	15
5135	1
5136	4
5137	14
5138	3
5139	35
5140	10
5141	6
5142	8
5143	13
5144	12
5145	53
5146	2
5147	2
5148	57
5149	2
5150	6
5151	10
5152	34
5153	5
5154	3
5155	20
5156	2
5157	45
5158	11
5159	17
5160	14
5161	26
5162	20
5163	2
5164	40
5165	50
5166	34
5167	4
5168	2
5169	52
5170	37
5171	11
5172	34
5173	3
5174	2
5175	1
5176	4
5177	12
5178	20
5179	6
5180	31
5181	2
5182	36
5183	37
5184	9
5185	2
5186	12
5187	1
5188	13
5189	1
5190	24
5191	20
5192	4
5193	1
5194	25
5195	6
5196	31
5197	17
5198	3
5199	1
5200	13
5201	31
5202	3
5203	33
5204	11
5205	21
5206	20
5207	16
5208	31
5209	33
5210	3
5211	1
5212	31
5213	18
5214	5
5215	9
5216	12
5217	4
5218	9
5219	43
5220	7
5221	1
5222	20
5223	9
5224	1
5225	5
5226	31
5227	10
5228	34
5229	10
5230	21
5231	8
5232	23
5233	8
5234	29
5235	48
5236	2
5237	41
5238	51
5239	13
5240	5
5241	57
5242	9
5243	24
5244	19
5245	45
5246	55
5247	3
5248	20
5249	1
5250	52
5251	21
5252	46
5253	1
5254	3
5255	1
5256	22
5257	25
5258	5
5259	55
5260	21
5261	39
5262	1
5263	3
5264	8
5265	21
5266	1
5267	1
5268	2
5269	32
5270	13
5271	6
5272	15
5273	5
5274	2
5275	32
5276	9
5277	44
5278	5
5279	24
5280	6
5281	8
5282	3
5283	8
5284	13
5285	13
5286	19
5287	33
5288	6
5289	33
5290	30
5291	2
5292	1
5293	11
5294	23
5295	43
5296	1
5297	8
5298	4
5299	50
5300	2
5301	35
5302	7
5303	1
5304	2
5305	18
5306	5
5307	22
5308	32
5309	24
5310	2
5311	23
5312	16
5313	6
5314	43
5315	50
5316	18
5317	6
5318	21
5319	3
5320	3
5321	18
5322	23
5323	11
5324	6
5325	5
5326	19
5327	22
5328	7
5329	18
5330	10
5331	33
5332	1
5333	7
5334	6
5335	61
5336	13
5337	8
5338	4
5339	8
5340	21
5341	6
5342	2
5343	42
5344	1
5345	37
5346	3
5347	37
5348	5
5349	1
5350	8
5351	2
5352	22
5353	1
5354	4
5355	20
5356	43
5357	11
5358	53
5359	47
5360	40
5361	8
5362	2
5363	2
5364	24
5365	6
5366	5
5367	15
5368	49
5369	33
5370	4
5371	49
5372	47
5373	32
5374	1
5375	25
5376	12
5377	13
5378	3
5379	6
5380	6
5381	3
5382	15
5383	2
5384	63
5385	35
5386	3
5387	3
5388	16
5389	35
5390	7
5391	8
5392	9
5393	62
5394	4
5395	51
5396	2
5397	4
5398	6
5399	20
5400	25
5401	15
5402	32
5403	1
5404	3
5405	14
5406	4
5407	4
5408	14
5409	9
5410	6
5411	41
5412	28
5413	22
5414	5
5415	46
5416	23
5417	38
5418	14
5419	13
5420	18
5421	5
5422	32
5423	49
5424	44
5425	3
5426	12
5427	39
5428	40
5429	18
5430	33
5431	4
5432	35
5433	17
5434	4
5435	1
5436	6
5437	9
5438	17
5439	4
5440	6
5441	29
5442	2
5443	23
5444	17
5445	2
5446	21
5447	14
5448	54
5449	48
5450	5
5451	39
5452	4
5453	25
5454	45
5455	45
5456	7
5457	7
5458	64
5459	38
5460	30
5461	36
5462	40
5463	1
5464	9
5465	4
5466	33
5467	46
5468	4
5469	58
5470	44
5471	18
5472	60
5473	16
5474	2
5475	16
5476	12
5477	6
5478	37
5479	10
5480	39
5481	4
5482	38
5483	11
5484	24
5485	25
5486	1
5487	31
5488	26
5489	23
5490	1
5491	18
5492	63
5493	27
5494	6
5495	10
5496	4
5497	1
5498	1
5499	23
5500	8
5501	1
5502	19
5503	17
5504	43
5505	4
5506	16
5507	8
5508	2
5509	20
5510	6
5511	12
5512	13
5513	13
5514	12
5515	34
5516	16
5517	48
5518	7
5519	3
5520	36
5521	2
5522	1
5523	2
5524	8
5525	36
5526	51
5527	30
5528	11
5529	61
5530	7
5531	13
5532	4
5533	3
5534	16
5535	17
5536	3
5537	26
5538	13
5539	5
5540	46
5541	4
5542	14
5543	1
5544	55
5545	9
5546	6
5547	4
5548	35
5549	55
5550	18
5551	21
5552	7
5553	7
5554	54
5555	8
5556	28
5557	17
5558	12
5559	16
5560	18
5561	42
5562	51
5563	26
5564	7
5565	7
5566	6
5567	24
5568	18
5569	21
5570	19
5571	2
5572	60
5573	14
5574	37
5575	5
5576	5
5577	16
5578	35
5579	21
5580	3
5581	23
5582	63
5583	53
5584	8
5585	7
5586	1
5587	1
5588	37
5589	1
5590	3
5591	49
5592	28
5593	5
5594	7
5595	58
5596	27
5597	12
5598	15
5599	43
5600	46
5601	30
5602	6
5603	37
5604	19
5605	8
5606	3
5607	1
5608	19
5609	61
5610	7
5611	17
5612	33
5613	22
5614	19
5615	2
5616	39
5617	14
5618	1
5619	2
5620	25
5621	6
5622	36
5623	31
5624	2
5625	2
5626	22
5627	6
5628	6
5629	62
5630	37
5631	1
5632	11
5633	3
5634	48
5635	2
5636	30
5637	3
5638	26
5639	54
5640	2
5641	2
5642	1
5643	5
5644	24
5645	7
5646	6
5647	6
5648	10
5649	14
5650	44
5651	63
5652	1
5653	49
5654	37
5655	36
5656	6
5657	62
5658	27
5659	13
5660	21
5661	6
5662	24
5663	7
5664	6
5665	2
5666	15
5667	22
5668	64
5669	2
5670	13
5671	43
5672	6
5673	12
5674	7
5675	18
5676	20
5677	26
5678	12
5679	52
5680	49
5681	1
5682	12
5683	15
5684	10
5685	3
5686	19
5687	32
5688	59
5689	1
5690	37
5691	19
5692	17
5693	1
5694	7
5695	1
5696	4
5697	20
5698	7
5699	11
5700	2
5701	8
5702	15
5703	9
5704	14
5705	2
5706	1
5707	17
5708	8
5709	52
5710	62
5711	7
5712	2
5713	10
5714	12
5715	18
5716	53
5717	6
5718	3
5719	8
5720	14
5721	4
5722	32
5723	8
5724	62
5725	16
5726	4
5727	16
5728	4
5729	19
5730	2
5731	3
5732	4
5733	6
5734	1
5735	50
5736	1
5737	14
5738	54
5739	4
5740	6
5741	6
5742	40
5743	8
5744	34
5745	24
5746	45
5747	36
5748	18
5749	1
5750	42
5751	59
5752	20
5753	48
5754	6
5755	53
5756	3
5757	16
5758	43
5759	10
5760	20
5761	17
5762	4
5763	6
5764	20
5765	23
5766	7
5767	7
5768	18
5769	5
5770	1
5771	10
5772	61
5773	11
5774	52
5775	21
5776	2
5777	19
5778	12
5779	42
5780	4
5781	41
5782	2
5783	10
5784	9
5785	64
5786	11
5787	44
5788	24
5789	58
5790	2
5791	2
5792	49
5793	41
5794	14
5795	15
5796	2
5797	9
5798	22
5799	15
5800	23
5801	53
5802	7
5803	61
5804	31
5805	45
5806	17
5807	14
5808	1
5809	35
5810	8
5811	28
5812	34
5813	60
5814	29
5815	32
5816	3
5817	9
5818	22
5819	4
5820	53
5821	7
5822	42
5823	1
5824	1
5825	1
5826	34
5827	27
5828	28
5829	1
5830	12
5831	53
5832	18
5833	4
5834	6
5835	38
5836	18
5837	4
5838	19
5839	9
5840	8
5841	47
5842	35
5843	34
5844	2
5845	15
5846	31
5847	3
5848	16
5849	2
5850	2
5851	5
5852	57
5853	25
5854	29
5855	7
5856	27
5857	56
5858	3
5859	11
5860	40
5861	42
5862	10
5863	8
5864	1
5865	57
5866	42
5867	54
5868	5
5869	6
5870	41
5871	47
5872	15
5873	2
5874	59
5875	2
5876	55
5877	26
5878	2
5879	5
5880	16
5881	2
5882	4
5883	15
5884	8
5885	22
5886	16
5887	8
5888	18
5889	23
5890	3
5891	15
5892	3
5893	9
5894	35
5895	39
5896	34
5897	12
5898	54
5899	3
5900	24
5901	1
5902	48
5903	36
5904	3
5905	26
5906	31
5907	36
5908	20
5909	6
5910	11
5911	29
5912	3
5913	27
5914	2
5915	11
5916	31
5917	9
5918	2
5919	40
5920	35
5921	43
5922	7
5923	1
5924	26
5925	49
5926	18
5927	46
5928	19
5929	6
5930	1
5931	21
5932	45
5933	1
5934	7
5935	1
5936	35
5937	1
5938	20
5939	1
5940	5
5941	26
5942	2
5943	19
5944	2
5945	39
5946	35
5947	6
5948	2
5949	42
5950	44
5951	2
5952	7
5953	4
5954	2
5955	36
5956	36
5957	34
5958	12
5959	11
5960	6
5961	5
5962	5
5963	49
5964	1
5965	31
5966	5
5967	3
5968	2
5969	49
5970	2
5971	57
5972	46
5973	12
5974	3
5975	1
5976	12
5977	11
5978	3
5979	24
5980	2
5981	5
5982	31
5983	50
5984	16
5985	7
5986	40
5987	10
5988	3
5989	22
5990	2
5991	26
5992	6
5993	17
5994	48
5995	52
5996	12
5997	34
5998	51
5999	26
6000	3
6001	47
6002	45
6003	44
6004	3
6005	22
6006	20
6007	8
6008	5
6009	3
6010	61
6011	44
6012	24
6013	2
6014	6
6015	18
6016	32
6017	14
6018	4
6019	11
6020	3
6021	16
6022	1
6023	23
6024	23
6025	40
6026	45
6027	14
6028	52
6029	5
6030	4
6031	1
6032	5
6033	30
6034	4
6035	1
6036	25
6037	5
6038	18
6039	4
6040	15
6041	3
6042	22
6043	14
6044	32
6045	16
6046	14
6047	20
6048	28
6049	5
6050	6
6051	2
6052	19
6053	41
6054	60
6055	23
6056	2
6057	1
6058	53
6059	8
6060	18
6061	6
6062	45
6063	8
6064	26
6065	39
6066	3
6067	18
6068	5
6069	47
6070	1
6071	60
6072	56
6073	32
6074	29
6075	19
6076	35
6077	12
6078	4
6079	61
6080	16
6081	1
6082	31
6083	4
6084	5
6085	47
6086	3
6087	48
6088	4
6089	19
6090	21
6091	20
6092	1
6093	56
6094	13
6095	5
6096	19
6097	21
6098	24
6099	4
6100	1
6101	52
6102	17
6103	8
6104	4
6105	1
6106	5
6107	7
6108	10
6109	30
6110	3
6111	23
6112	9
6113	33
6114	3
6115	46
6116	62
6117	1
6118	15
6119	12
6120	38
6121	1
6122	3
6123	9
6124	55
6125	6
6126	62
6127	19
6128	29
6129	7
6130	33
6131	21
6132	5
6133	1
6134	1
6135	5
6136	3
6137	16
6138	49
6139	1
6140	5
6141	22
6142	24
6143	36
6144	16
6145	19
6146	5
6147	3
6148	8
6149	3
6150	4
6151	22
6152	49
6153	6
6154	11
6155	24
6156	13
6157	41
6158	32
6159	29
6160	1
6161	57
6162	36
6163	7
6164	8
6165	1
6166	8
6167	55
6168	8
6169	25
6170	9
6171	23
6172	36
6173	42
6174	10
6175	5
6176	27
6177	6
6178	19
6179	5
6180	2
6181	6
6182	3
6183	42
6184	49
6185	3
6186	16
6187	54
6188	12
6189	29
6190	9
6191	59
6192	3
6193	22
6194	2
6195	1
6196	42
6197	18
6198	30
6199	24
6200	39
6201	22
6202	7
6203	14
6204	7
6205	6
6206	4
6207	7
6208	5
6209	6
6210	26
6211	5
6212	19
6213	17
6214	29
6215	16
6216	15
6217	6
6218	17
6219	25
6220	7
6221	29
6222	23
6223	5
6224	27
6225	17
6226	8
6227	57
6228	37
6229	1
6230	14
6231	29
6232	2
6233	11
6234	22
6235	1
6236	57
6237	43
6238	47
6239	4
6240	7
6241	51
6242	28
6243	14
6244	64
6245	15
6246	12
6247	20
6248	22
6249	30
6250	47
6251	14
6252	1
6253	5
6254	52
6255	35
6256	39
6257	5
6258	40
6259	3
6260	29
6261	3
6262	41
6263	6
6264	30
6265	39
6266	9
6267	5
6268	63
6269	24
6270	62
6271	45
6272	7
6273	2
6274	36
6275	2
6276	2
6277	22
6278	42
6279	1
6280	14
6281	14
6282	2
6283	2
6284	2
6285	35
6286	14
6287	50
6288	28
6289	35
6290	2
6291	59
6292	7
6293	12
6294	3
6295	26
6296	29
6297	21
6298	1
6299	50
6300	17
6301	9
6302	52
6303	33
6304	11
6305	56
6306	2
6307	4
6308	27
6309	3
6310	15
6311	21
6312	8
6313	14
6314	45
6315	4
6316	15
6317	11
6318	31
6319	9
6320	23
6321	1
6322	4
6323	5
6324	28
6325	14
6326	46
6327	62
6328	61
6329	20
6330	4
6331	8
6332	28
6333	55
6334	36
6335	59
6336	14
6337	9
6338	38
6339	10
6340	38
6341	11
6342	13
6343	14
6344	15
6345	3
6346	24
6347	3
6348	2
6349	23
6350	60
6351	38
6352	8
6353	42
6354	15
6355	32
6356	35
6357	50
6358	42
6359	51
6360	8
6361	32
6362	28
6363	8
6364	9
6365	11
6366	14
6367	10
6368	34
6369	36
6370	10
6371	9
6372	7
6373	2
6374	2
6375	7
6376	5
6377	20
6378	50
6379	12
6380	1
6381	12
6382	6
6383	13
6384	4
6385	1
6386	4
6387	1
6388	41
6389	2
6390	40
6391	43
6392	1
6393	5
6394	10
6395	19
6396	31
6397	30
6398	21
6399	43
6400	24
6401	7
6402	29
6403	15
6404	22
6405	63
6406	22
6407	1
6408	25
6409	7
6410	5
6411	1
6412	59
6413	5
6414	15
6415	31
6416	22
6417	1
6418	57
6419	16
6420	11
6421	12
6422	26
6423	39
6424	27
6425	13
6426	13
6427	1
6428	43
6429	4
6430	52
6431	58
6432	63
6433	51
6434	51
6435	1
6436	1
6437	6
6438	6
6439	2
6440	8
6441	53
6442	26
6443	51
6444	2
6445	4
6446	6
6447	5
6448	15
6449	6
6450	26
6451	2
6452	53
6453	57
6454	24
6455	18
6456	60
6457	16
6458	6
6459	47
6460	22
6461	7
6462	18
6463	32
6464	16
6465	4
6466	5
6467	38
6468	35
6469	22
6470	16
6471	42
6472	4
6473	17
6474	10
6475	49
6476	24
6477	11
6478	1
6479	6
6480	38
6481	21
6482	2
6483	2
6484	15
6485	11
6486	6
6487	3
6488	1
6489	51
6490	6
6491	1
6492	38
6493	3
6494	9
6495	56
6496	1
6497	19
6498	32
6499	27
6500	2
6501	16
6502	16
6503	11
6504	11
6505	11
6506	50
6507	29
6508	50
6509	21
6510	5
6511	42
6512	47
6513	60
6514	57
6515	1
6516	52
6517	4
6518	6
6519	42
6520	16
6521	11
6522	13
6523	22
6524	16
6525	4
6526	63
6527	33
6528	16
6529	7
6530	42
6531	3
6532	18
6533	3
6534	29
6535	7
6536	6
6537	4
6538	10
6539	36
6540	11
6541	36
6542	5
6543	6
6544	17
6545	14
6546	44
6547	3
6548	19
6549	49
6550	15
6551	2
6552	7
6553	17
6554	14
6555	17
6556	10
6557	9
6558	2
6559	1
6560	9
6561	4
6562	10
6563	4
6564	6
6565	7
6566	20
6567	7
6568	5
6569	55
6570	31
6571	36
6572	2
6573	25
6574	15
6575	48
6576	5
6577	21
6578	12
6579	21
6580	9
6581	3
6582	14
6583	12
6584	5
6585	16
6586	41
6587	6
6588	7
6589	21
6590	6
6591	21
6592	19
6593	12
6594	19
6595	11
6596	10
6597	33
6598	2
6599	34
6600	54
6601	2
6602	30
6603	8
6604	36
6605	14
6606	55
6607	61
6608	11
6609	8
6610	2
6611	37
6612	5
6613	11
6614	51
6615	25
6616	53
6617	3
6618	18
6619	17
6620	56
6621	1
6622	4
6623	53
6624	1
6625	7
6626	36
6627	38
6628	35
6629	47
6630	5
6631	3
6632	16
6633	55
6634	22
6635	27
6636	6
6637	11
6638	18
6639	6
6640	2
6641	54
6642	20
6643	51
6644	6
6645	7
6646	29
6647	6
6648	5
6649	1
6650	24
6651	5
6652	15
6653	7
6654	2
6655	7
6656	13
6657	34
6658	7
6659	33
6660	6
6661	21
6662	7
6663	19
6664	4
6665	12
6666	1
6667	17
6668	8
6669	2
6670	25
6671	1
6672	22
6673	1
6674	15
6675	21
6676	19
6677	13
6678	14
6679	16
6680	7
6681	9
6682	14
6683	40
6684	12
6685	5
6686	7
6687	3
6688	4
6689	21
6690	16
6691	50
6692	5
6693	28
6694	2
6695	10
6696	3
6697	42
6698	4
6699	37
6700	24
6701	63
6702	17
6703	16
6704	1
6705	24
6706	61
6707	6
6708	5
6709	44
6710	1
6711	3
6712	27
6713	51
6714	53
6715	54
6716	11
6717	41
6718	6
6719	8
6720	10
6721	15
6722	37
6723	6
6724	8
6725	30
6726	16
6727	7
6728	1
6729	16
6730	2
6731	18
6732	9
6733	13
6734	2
6735	4
6736	37
6737	22
6738	12
6739	4
6740	55
6741	20
6742	4
6743	24
6744	15
6745	41
6746	34
6747	12
6748	3
6749	17
6750	34
6751	34
6752	5
6753	23
6754	1
6755	1
6756	1
6757	38
6758	16
6759	38
6760	3
6761	6
6762	23
6763	30
6764	16
6765	4
6766	10
6767	62
6768	23
6769	4
6770	19
6771	42
6772	28
6773	7
6774	27
6775	27
6776	2
6777	17
6778	4
6779	47
6780	9
6781	3
6782	33
6783	25
6784	47
6785	42
6786	53
6787	30
6788	15
6789	39
6790	14
6791	27
6792	43
6793	41
6794	2
6795	37
6796	4
6797	10
6798	1
6799	3
6800	9
6801	1
6802	17
6803	64
6804	56
6805	2
6806	16
6807	10
6808	3
6809	1
6810	55
6811	6
6812	7
6813	13
6814	13
6815	50
6816	20
6817	1
6818	9
6819	13
6820	1
6821	15
6822	8
6823	15
6824	37
6825	3
6826	5
6827	46
6828	7
6829	26
6830	11
6831	6
6832	22
6833	39
6834	1
6835	6
6836	14
6837	51
6838	55
6839	49
6840	2
6841	4
6842	4
6843	18
6844	31
6845	1
6846	63
6847	1
6848	2
6849	4
6850	43
6851	29
6852	34
6853	40
6854	41
6855	4
6856	4
6857	4
6858	17
6859	5
6860	40
6861	15
6862	2
6863	43
6864	17
6865	16
6866	14
6867	30
6868	46
6869	2
6870	29
6871	24
6872	20
6873	22
6874	24
6875	17
6876	8
6877	3
6878	19
6879	45
6880	6
6881	7
6882	18
6883	9
6884	23
6885	12
6886	39
6887	8
6888	8
6889	31
6890	28
6891	7
6892	6
6893	1
6894	47
6895	62
6896	15
6897	27
6898	63
6899	6
6900	17
6901	12
6902	4
6903	30
6904	5
6905	15
6906	17
6907	14
6908	25
6909	10
6910	43
6911	38
6912	26
6913	9
6914	25
6915	30
6916	29
6917	1
6918	59
6919	1
6920	10
6921	7
6922	20
6923	2
6924	8
6925	4
6926	21
6927	31
6928	1
6929	14
6930	36
6931	35
6932	20
6933	37
6934	32
6935	47
6936	22
6937	20
6938	31
6939	8
6940	1
6941	4
6942	9
6943	3
6944	59
6945	7
6946	14
6947	44
6948	16
6949	33
6950	41
6951	14
6952	22
6953	42
6954	1
6955	12
6956	27
6957	15
6958	45
6959	5
6960	19
6961	7
6962	16
6963	2
6964	12
6965	6
6966	6
6967	8
6968	57
6969	6
6970	62
6971	41
6972	1
6973	9
6974	28
6975	11
6976	53
6977	7
6978	1
6979	25
6980	6
6981	12
6982	9
6983	6
6984	19
6985	6
6986	7
6987	3
6988	36
6989	6
6990	4
6991	8
6992	1
6993	52
6994	2
6995	3
6996	6
6997	1
6998	52
6999	13
7000	9
7001	7
7002	15
7003	15
7004	1
7005	7
7006	38
7007	43
7008	23
7009	1
7010	14
7011	22
7012	35
7013	1
7014	4
7015	2
7016	16
7017	28
7018	28
7019	19
7020	2
7021	23
7022	10
7023	48
7024	27
7025	2
7026	61
7027	18
7028	25
7029	62
7030	46
7031	20
7032	11
7033	48
7034	30
7035	19
7036	24
7037	55
7038	9
7039	3
7040	30
7041	61
7042	23
7043	16
7044	56
7045	3
7046	21
7047	8
7048	9
7049	8
7050	34
7051	24
7052	26
7053	55
7054	55
7055	11
7056	35
7057	43
7058	43
7059	1
7060	25
7061	17
7062	14
7063	15
7064	11
7065	10
7066	55
7067	1
7068	13
7069	1
7070	4
7071	4
7072	10
7073	2
7074	4
7075	8
7076	18
7077	8
7078	17
7079	38
7080	27
7081	10
7082	12
7083	26
7084	6
7085	3
7086	20
7087	29
7088	6
7089	4
7090	40
7091	50
7092	64
7093	15
7094	25
7095	61
7096	11
7097	21
7098	1
7099	2
7100	6
7101	8
7102	6
7103	3
7104	9
7105	38
7106	4
7107	8
7108	4
7109	3
7110	12
7111	49
7112	43
7113	32
7114	13
7115	60
7116	23
7117	2
7118	4
7119	8
7120	40
7121	30
7122	52
7123	7
7124	3
7125	63
7126	2
7127	12
7128	3
7129	1
7130	2
7131	1
7132	14
7133	11
7134	8
7135	14
7136	2
7137	12
7138	2
7139	1
7140	3
7141	3
7142	63
7143	6
7144	17
7145	44
7146	48
7147	49
7148	6
7149	28
7150	24
7151	37
7152	19
7153	34
7154	16
7155	41
7156	43
7157	25
7158	20
7159	4
7160	35
7161	4
7162	9
7163	5
7164	11
7165	6
7166	23
7167	6
7168	7
7169	3
7170	20
7171	47
7172	26
7173	17
7174	9
7175	3
7176	7
7177	64
7178	19
7179	10
7180	58
7181	3
7182	64
7183	25
7184	12
7185	15
7186	3
7187	22
7188	5
7189	23
7190	9
7191	55
7192	28
7193	28
7194	59
7195	5
7196	20
7197	22
7198	3
7199	18
7200	7
7201	37
7202	1
7203	25
7204	15
7205	53
7206	50
7207	6
7208	8
7209	13
7210	46
7211	8
7212	30
7213	15
7214	12
7215	6
7216	15
7217	32
7218	64
7219	4
7220	54
7221	44
7222	7
7223	52
7224	9
7225	2
7226	27
7227	3
7228	3
7229	3
7230	7
7231	4
7232	45
7233	20
7234	18
7235	4
7236	27
7237	7
7238	12
7239	5
7240	1
7241	52
7242	17
7243	2
7244	16
7245	7
7246	44
7247	49
7248	10
7249	56
7250	5
7251	4
7252	8
7253	6
7254	2
7255	1
7256	46
7257	38
7258	1
7259	2
7260	37
7261	2
7262	20
7263	37
7264	31
7265	1
7266	27
7267	51
7268	2
7269	51
7270	34
7271	33
7272	3
7273	3
7274	16
7275	61
7276	17
7277	6
7278	12
7279	14
7280	24
7281	63
7282	25
7283	7
7284	8
7285	7
7286	23
7287	5
7288	3
7289	20
7290	5
7291	56
7292	23
7293	14
7294	19
7295	5
7296	6
7297	16
7298	53
7299	17
7300	7
7301	19
7302	24
7303	2
7304	31
7305	42
7306	50
7307	11
7308	10
7309	4
7310	25
7311	13
7312	3
7313	4
7314	17
7315	1
7316	56
7317	4
7318	46
7319	28
7320	5
7321	24
7322	6
7323	25
7324	52
7325	21
7326	19
7327	40
7328	6
7329	1
7330	10
7331	19
7332	6
7333	60
7334	15
7335	14
7336	6
7337	31
7338	35
7339	1
7340	6
7341	4
7342	12
7343	3
7344	6
7345	2
7346	32
7347	28
7348	1
7349	6
7350	11
7351	3
7352	28
7353	34
7354	21
7355	49
7356	30
7357	19
7358	5
7359	11
7360	50
7361	14
7362	45
7363	4
7364	47
7365	3
7366	3
7367	7
7368	35
7369	57
7370	53
7371	1
7372	22
7373	15
7374	7
7375	11
7376	5
7377	16
7378	50
7379	33
7380	20
7381	28
7382	34
7383	59
7384	11
7385	1
7386	26
7387	39
7388	1
7389	2
7390	12
7391	31
7392	51
7393	61
7394	11
7395	33
7396	1
7397	16
7398	20
7399	5
7400	20
7401	35
7402	32
7403	44
7404	3
7405	22
7406	13
7407	64
7408	7
7409	15
7410	5
7411	50
7412	1
7413	47
7414	3
7415	26
7416	5
7417	7
7418	16
7419	1
7420	1
7421	13
7422	6
7423	38
7424	8
7425	22
7426	3
7427	35
7428	4
7429	4
7430	49
7431	3
7432	15
7433	16
7434	1
7435	12
7436	25
7437	7
7438	1
7439	47
7440	4
7441	3
7442	4
7443	4
7444	22
7445	41
7446	14
7447	2
7448	5
7449	9
7450	13
7451	1
7452	13
7453	62
7454	24
7455	29
7456	5
7457	35
7458	28
7459	34
7460	36
7461	21
7462	3
7463	9
7464	10
7465	14
7466	38
7467	28
7468	30
7469	4
7470	43
7471	7
7472	6
7473	17
7474	7
7475	15
7476	1
7477	1
7478	33
7479	54
7480	16
7481	40
7482	5
7483	6
7484	28
7485	5
7486	10
7487	41
7488	1
7489	2
7490	1
7491	22
7492	16
7493	11
7494	53
7495	2
7496	40
7497	23
7498	5
7499	16
7500	59
7501	1
7502	19
7503	2
7504	4
7505	33
7506	2
7507	9
7508	3
7509	7
7510	38
7511	12
7512	25
7513	16
7514	33
7515	1
7516	22
7517	3
7518	19
7519	13
7520	12
7521	20
7522	15
7523	23
7524	16
7525	6
7526	33
7527	17
7528	14
7529	10
7530	1
7531	42
7532	5
7533	26
7534	27
7535	33
7536	32
7537	63
7538	10
7539	25
7540	1
7541	3
7542	39
7543	36
7544	60
7545	6
7546	6
7547	47
7548	2
7549	1
7550	3
7551	3
7552	24
7553	22
7554	25
7555	22
7556	28
7557	43
7558	38
7559	61
7560	13
7561	10
7562	30
7563	43
7564	50
7565	29
7566	1
7567	5
7568	15
7569	13
7570	5
7571	8
7572	3
7573	63
7574	50
7575	26
7576	16
7577	27
7578	29
7579	17
7580	3
7581	41
7582	22
7583	5
7584	48
7585	37
7586	4
7587	42
7588	17
7589	35
7590	7
7591	48
7592	5
7593	1
7594	31
7595	25
7596	3
7597	3
7598	15
7599	24
7600	9
7601	2
7602	33
7603	24
7604	35
7605	5
7606	3
7607	19
7608	27
7609	29
7610	45
7611	6
7612	2
7613	17
7614	61
7615	25
7616	6
7617	59
7618	7
7619	25
7620	4
7621	14
7622	11
7623	52
7624	59
7625	26
7626	2
7627	34
7628	5
7629	3
7630	6
7631	8
7632	55
7633	5
7634	30
7635	4
7636	11
7637	34
7638	7
7639	10
7640	1
7641	45
7642	40
7643	3
7644	51
7645	21
7646	16
7647	18
7648	33
7649	7
7650	46
7651	1
7652	11
7653	42
7654	13
7655	3
7656	1
7657	3
7658	1
7659	5
7660	2
7661	22
7662	6
7663	2
7664	1
7665	8
7666	62
7667	1
7668	4
7669	7
7670	5
7671	6
7672	18
7673	64
7674	17
7675	7
7676	7
7677	4
7678	30
7679	3
7680	31
7681	59
7682	3
7683	41
7684	16
7685	50
7686	2
7687	3
7688	7
7689	33
7690	61
7691	11
7692	7
7693	32
7694	18
7695	15
7696	48
7697	15
7698	45
7699	2
7700	7
7701	62
7702	57
7703	3
7704	60
7705	6
7706	34
7707	13
7708	7
7709	8
7710	37
7711	6
7712	16
7713	44
7714	3
7715	17
7716	19
7717	6
7718	2
7719	14
7720	21
7721	49
7722	6
7723	15
7724	41
7725	21
7726	37
7727	45
7728	8
7729	23
7730	18
7731	7
7732	6
7733	41
7734	2
7735	11
7736	4
7737	10
7738	3
7739	15
7740	59
7741	18
7742	18
7743	10
7744	2
7745	12
7746	64
7747	46
7748	20
7749	50
7750	16
7751	49
7752	24
7753	5
7754	1
7755	54
7756	28
7757	5
7758	36
7759	3
7760	46
7761	55
7762	41
7763	2
7764	10
7765	30
7766	6
7767	10
7768	3
7769	1
7770	57
7771	54
7772	3
7773	4
7774	4
7775	3
7776	6
7777	35
7778	8
7779	4
7780	23
7781	7
7782	32
7783	26
7784	20
7785	29
7786	12
7787	61
7788	1
7789	38
7790	29
7791	44
7792	5
7793	20
7794	12
7795	20
7796	24
7797	34
7798	2
7799	37
7800	21
7801	25
7802	47
7803	1
7804	27
7805	9
7806	2
7807	13
7808	5
7809	1
7810	32
7811	27
7812	13
7813	10
7814	50
7815	61
7816	20
7817	5
7818	1
7819	5
7820	1
7821	1
7822	6
7823	7
7824	50
7825	49
7826	28
7827	21
7828	15
7829	58
7830	44
7831	11
7832	12
7833	55
7834	1
7835	1
7836	2
7837	2
7838	3
7839	40
7840	26
7841	22
7842	57
7843	57
7844	9
7845	13
7846	30
7847	1
7848	23
7849	8
7850	20
7851	10
7852	27
7853	4
7854	58
7855	38
7856	26
7857	2
7858	5
7859	33
7860	12
7861	36
7862	7
7863	1
7864	26
7865	36
7866	1
7867	13
7868	4
7869	52
7870	1
7871	19
7872	5
7873	6
7874	8
7875	7
7876	30
7877	5
7878	28
7879	43
7880	39
7881	31
7882	17
7883	6
7884	48
7885	2
7886	40
7887	30
7888	2
7889	7
7890	21
7891	17
7892	30
7893	23
7894	9
7895	45
7896	29
7897	3
7898	26
7899	29
7900	1
7901	26
7902	17
7903	20
7904	4
7905	24
7906	4
7907	30
7908	31
7909	33
7910	2
7911	2
7912	1
7913	19
7914	51
7915	26
7916	8
7917	7
7918	24
7919	15
7920	62
7921	1
7922	18
7923	45
7924	1
7925	30
7926	21
7927	45
7928	4
7929	6
7930	15
7931	6
7932	6
7933	7
7934	22
7935	2
7936	11
7937	2
7938	26
7939	50
7940	36
7941	15
7942	42
7943	5
7944	23
7945	3
7946	5
7947	2
7948	10
7949	58
7950	21
7951	38
7952	1
7953	6
7954	14
7955	43
7956	2
7957	9
7958	5
7959	49
7960	39
7961	6
7962	8
7963	37
7964	3
7965	52
7966	13
7967	34
7968	38
7969	27
7970	50
7971	23
7972	1
7973	9
7974	3
7975	3
7976	6
7977	6
7978	1
7979	1
7980	8
7981	47
7982	6
7983	23
7984	25
7985	31
7986	2
7987	34
7988	18
7989	22
7990	7
7991	36
7992	1
7993	13
7994	24
7995	25
7996	15
7997	3
7998	6
7999	18
8000	23
8001	23
8002	12
8003	13
8004	19
8005	27
8006	17
8007	6
8008	5
8009	37
8010	31
8011	19
8012	17
8013	20
8014	13
8015	12
8016	13
8017	15
8018	34
8019	14
8020	5
8021	12
8022	2
8023	9
8024	4
8025	1
8026	3
8027	2
8028	18
8029	4
8030	21
8031	1
8032	47
8033	25
8034	1
8035	1
8036	30
8037	2
8038	10
8039	23
8040	1
8041	3
8042	29
8043	10
8044	21
8045	38
8046	4
8047	9
8048	46
8049	3
8050	3
8051	27
8052	20
8053	7
8054	8
8055	20
8056	4
8057	1
8058	26
8059	10
8060	46
8061	13
8062	17
8063	55
8064	1
8065	2
8066	36
8067	1
8068	19
8069	11
8070	3
8071	20
8072	11
8073	7
8074	59
8075	5
8076	45
8077	4
8078	6
8079	21
8080	22
8081	1
8082	31
8083	7
8084	38
8085	51
8086	15
8087	24
8088	51
8089	61
8090	10
8091	6
8092	38
8093	34
8094	2
8095	5
8096	18
8097	2
8098	21
8099	9
8100	10
8101	46
8102	12
8103	26
8104	20
8105	13
8106	12
8107	52
8108	44
8109	56
8110	18
8111	60
8112	8
8113	60
8114	40
8115	4
8116	25
8117	33
8118	2
8119	1
8120	16
8121	63
8122	12
8123	5
8124	2
8125	27
8126	1
8127	7
8128	25
8129	14
8130	2
8131	48
8132	3
8133	6
8134	12
8135	2
8136	54
8137	4
8138	49
8139	20
8140	8
8141	1
8142	16
8143	33
8144	34
8145	24
8146	2
8147	6
8148	17
8149	25
8150	46
8151	2
8152	13
8153	2
8154	14
8155	61
8156	3
8157	49
8158	24
8159	49
8160	14
8161	1
8162	40
8163	1
8164	5
8165	1
8166	31
8167	4
8168	8
8169	13
8170	6
8171	27
8172	36
8173	26
8174	8
8175	7
8176	59
8177	61
8178	4
8179	49
8180	5
8181	44
8182	29
8183	49
8184	59
8185	64
8186	8
8187	6
8188	8
8189	1
8190	10
8191	14
8192	26
8193	1
8194	2
8195	39
8196	41
8197	3
8198	7
8199	18
8200	40
8201	7
8202	11
8203	41
8204	39
8205	7
8206	20
8207	21
8208	24
8209	45
8210	3
8211	7
8212	7
8213	56
8214	30
8215	10
8216	14
8217	1
8218	49
8219	18
8220	3
8221	19
8222	2
8223	11
8224	3
8225	7
8226	13
8227	2
8228	38
8229	6
8230	41
8231	12
8232	8
8233	48
8234	32
8235	5
8236	1
8237	31
8238	7
8239	11
8240	18
8241	13
8242	63
8243	20
8244	5
8245	6
8246	2
8247	30
8248	33
8249	5
8250	36
8251	3
8252	16
8253	18
8254	12
8255	27
8256	1
8257	22
8258	51
8259	54
8260	16
8261	62
8262	35
8263	12
8264	46
8265	3
8266	6
8267	9
8268	8
8269	7
8270	4
8271	26
8272	6
8273	25
8274	2
8275	5
8276	50
8277	29
8278	3
8279	57
8280	3
8281	29
8282	2
8283	1
8284	32
8285	59
8286	6
8287	5
8288	3
8289	58
8290	10
8291	24
8292	16
8293	20
8294	16
8295	2
8296	2
8297	56
8298	11
8299	4
8300	13
8301	2
8302	12
8303	2
8304	30
8305	10
8306	14
8307	1
8308	14
8309	2
8310	3
8311	40
8312	1
8313	2
8314	14
8315	21
8316	8
8317	2
8318	13
8319	2
8320	6
8321	1
8322	7
8323	42
8324	6
8325	60
8326	36
8327	29
8328	49
8329	24
8330	4
8331	7
8332	14
8333	53
8334	18
8335	19
8336	32
8337	21
8338	11
8339	12
8340	23
8341	2
8342	10
8343	51
8344	1
8345	7
8346	35
8347	26
8348	8
8349	15
8350	38
8351	34
8352	17
8353	53
8354	2
8355	54
8356	2
8357	13
8358	7
8359	10
8360	8
8361	37
8362	6
8363	36
8364	8
8365	11
8366	16
8367	1
8368	13
8369	2
8370	4
8371	8
8372	44
8373	4
8374	9
8375	15
8376	3
8377	4
8378	13
8379	9
8380	5
8381	14
8382	17
8383	5
8384	34
8385	4
8386	3
8387	11
8388	6
8389	4
8390	1
8391	20
8392	47
8393	22
8394	62
8395	37
8396	13
8397	3
8398	36
8399	19
8400	64
8401	22
8402	47
8403	38
8404	3
8405	1
8406	39
8407	10
8408	14
8409	19
8410	18
8411	7
8412	60
8413	31
8414	51
8415	6
8416	5
8417	3
8418	7
8419	5
8420	47
8421	11
8422	1
8423	26
8424	30
8425	5
8426	4
8427	3
8428	33
8429	8
8430	6
8431	7
8432	29
8433	1
8434	10
8435	20
8436	4
8437	10
8438	12
8439	28
8440	59
8441	38
8442	20
8443	40
8444	17
8445	10
8446	8
8447	13
8448	49
8449	3
8450	2
8451	10
8452	38
8453	2
8454	9
8455	7
8456	1
8457	10
8458	1
8459	8
8460	2
8461	9
8462	34
8463	40
8464	1
8465	3
8466	10
8467	1
8468	6
8469	14
8470	6
8471	24
8472	47
8473	1
8474	8
8475	52
8476	28
8477	5
8478	6
8479	29
8480	3
8481	1
8482	14
8483	14
8484	13
8485	2
8486	31
8487	17
8488	23
8489	7
8490	15
8491	48
8492	2
8493	6
8494	5
8495	2
8496	15
8497	55
8498	16
8499	3
8500	21
8501	4
8502	8
8503	23
8504	35
8505	3
8506	38
8507	6
8508	40
8509	21
8510	16
8511	22
8512	3
8513	6
8514	30
8515	18
8516	2
8517	2
8518	22
8519	9
8520	56
8521	45
8522	6
8523	5
8524	49
8525	19
8526	63
8527	25
8528	11
8529	6
8530	1
8531	24
8532	1
8533	3
8534	34
8535	57
8536	56
8537	45
8538	2
8539	16
8540	28
8541	27
8542	1
8543	27
8544	30
8545	18
8546	1
8547	3
8548	12
8549	17
8550	10
8551	26
8552	34
8553	1
8554	4
8555	9
8556	7
8557	25
8558	31
8559	5
8560	2
8561	4
8562	20
8563	3
8564	15
8565	7
8566	46
8567	14
8568	54
8569	26
8570	51
8571	5
8572	4
8573	39
8574	59
8575	5
8576	4
8577	1
8578	16
8579	20
8580	18
8581	15
8582	35
8583	11
8584	6
8585	10
8586	1
8587	19
8588	6
8589	8
8590	25
8591	3
8592	3
8593	19
8594	13
8595	48
8596	60
8597	1
8598	35
8599	6
8600	6
8601	5
8602	10
8603	1
8604	53
8605	2
8606	6
8607	12
8608	5
8609	61
8610	3
8611	9
8612	8
8613	23
8614	34
8615	3
8616	34
8617	32
8618	43
8619	4
8620	58
8621	35
8622	17
8623	3
8624	40
8625	35
8626	23
8627	18
8628	9
8629	3
8630	17
8631	13
8632	14
8633	64
8634	43
8635	62
8636	13
8637	12
8638	13
8639	51
8640	6
8641	5
8642	31
8643	31
8644	34
8645	55
8646	23
8647	37
8648	24
8649	37
8650	41
8651	52
8652	24
8653	4
8654	1
8655	62
8656	63
8657	58
8658	4
8659	3
8660	59
8661	10
8662	36
8663	3
8664	19
8665	3
8666	1
8667	64
8668	21
8669	32
8670	7
8671	37
8672	5
8673	8
8674	12
8675	12
8676	4
8677	23
8678	2
8679	28
8680	48
8681	30
8682	11
8683	55
8684	9
8685	32
8686	10
8687	1
8688	53
8689	3
8690	33
8691	29
8692	9
8693	5
8694	2
8695	4
8696	39
8697	24
8698	62
8699	3
8700	7
8701	18
8702	61
8703	56
8704	4
8705	55
8706	4
8707	49
8708	41
8709	4
8710	7
8711	12
8712	43
8713	16
8714	1
8715	4
8716	3
8717	29
8718	6
8719	4
8720	3
8721	4
8722	45
8723	25
8724	11
8725	2
8726	5
8727	6
8728	1
8729	23
8730	25
8731	25
8732	20
8733	12
8734	15
8735	3
8736	46
8737	4
8738	28
8739	61
8740	39
8741	39
8742	28
8743	8
8744	46
8745	31
8746	25
8747	10
8748	29
8749	15
8750	2
8751	22
8752	1
8753	24
8754	58
8755	19
8756	31
8757	12
8758	16
8759	1
8760	26
8761	2
8762	42
8763	6
8764	2
8765	14
8766	48
8767	22
8768	6
8769	2
8770	38
8771	22
8772	43
8773	35
8774	28
8775	23
8776	20
8777	38
8778	62
8779	16
8780	19
8781	63
8782	1
8783	3
8784	23
8785	2
8786	45
8787	16
8788	41
8789	8
8790	59
8791	5
8792	8
8793	4
8794	12
8795	6
8796	19
8797	38
8798	38
8799	1
8800	22
8801	44
8802	32
8803	44
8804	1
8805	11
8806	12
8807	23
8808	52
8809	31
8810	13
8811	3
8812	3
8813	47
8814	7
8815	4
8816	14
8817	19
8818	10
8819	1
8820	7
8821	6
8822	52
8823	64
8824	5
8825	1
8826	60
8827	4
8828	38
8829	6
8830	35
8831	5
8832	12
8833	4
8834	4
8835	31
8836	14
8837	5
8838	12
8839	3
8840	17
8841	8
8842	12
8843	17
8844	4
8845	8
8846	35
8847	58
8848	11
8849	57
8850	17
8851	8
8852	21
8853	9
8854	39
8855	1
8856	55
8857	1
8858	53
8859	52
8860	18
8861	36
8862	4
8863	42
8864	48
8865	24
8866	39
8867	32
8868	23
8869	8
8870	7
8871	21
8872	22
8873	19
8874	9
8875	6
8876	33
8877	2
8878	13
8879	61
8880	7
8881	5
8882	7
8883	29
8884	10
8885	12
8886	10
8887	13
8888	39
8889	16
8890	25
8891	2
8892	21
8893	1
8894	14
8895	56
8896	47
8897	13
8898	33
8899	22
8900	48
8901	3
8902	17
8903	3
8904	1
8905	23
8906	5
8907	16
8908	2
8909	25
8910	61
8911	9
8912	6
8913	22
8914	1
8915	6
8916	14
8917	60
8918	13
8919	2
8920	7
8921	28
8922	8
8923	17
8924	3
8925	16
8926	5
8927	19
8928	64
8929	15
8930	16
8931	1
8932	24
8933	36
8934	7
8935	7
8936	1
8937	1
8938	3
8939	1
8940	14
8941	8
8942	46
8943	9
8944	53
8945	32
8946	20
8947	48
8948	41
8949	56
8950	16
8951	14
8952	5
8953	18
8954	16
8955	3
8956	46
8957	7
8958	18
8959	53
8960	16
8961	4
8962	19
8963	2
8964	18
8965	20
8966	14
8967	16
8968	24
8969	21
8970	4
8971	57
8972	4
8973	3
8974	7
8975	32
8976	4
8977	12
8978	12
8979	57
8980	14
8981	7
8982	7
8983	26
8984	14
8985	7
8986	6
8987	4
8988	42
8989	23
8990	11
8991	55
8992	33
8993	20
8994	1
8995	32
8996	5
8997	28
8998	29
8999	21
9000	4
9001	18
9002	39
9003	48
9004	4
9005	18
9006	3
9007	46
9008	41
9009	2
9010	7
9011	14
9012	13
9013	60
9014	3
9015	22
9016	1
9017	6
9018	26
9019	10
9020	9
9021	11
9022	10
9023	24
9024	47
9025	15
9026	25
9027	2
9028	3
9029	11
9030	27
9031	52
9032	34
9033	46
9034	2
9035	47
9036	37
9037	5
9038	13
9039	49
9040	45
9041	17
9042	58
9043	4
9044	20
9045	19
9046	5
9047	50
9048	25
9049	3
9050	2
9051	7
9052	63
9053	51
9054	54
9055	3
9056	7
9057	12
9058	10
9059	5
9060	25
9061	22
9062	21
9063	4
9064	36
9065	1
9066	6
9067	18
9068	4
9069	12
9070	5
9071	15
9072	10
9073	32
9074	11
9075	5
9076	33
9077	8
9078	59
9079	5
9080	7
9081	29
9082	31
9083	1
9084	16
9085	7
9086	50
9087	64
9088	5
9089	11
9090	39
9091	7
9092	4
9093	28
9094	2
9095	22
9096	35
9097	26
9098	8
9099	26
9100	26
9101	29
9102	3
9103	17
9104	2
9105	5
9106	26
9107	57
9108	44
9109	11
9110	41
9111	18
9112	5
9113	17
9114	49
9115	56
9116	20
9117	2
9118	9
9119	44
9120	1
9121	9
9122	4
9123	36
9124	24
9125	4
9126	17
9127	7
9128	39
9129	6
9130	64
9131	58
9132	4
9133	4
9134	49
9135	1
9136	4
9137	45
9138	8
9139	26
9140	9
9141	6
9142	3
9143	5
9144	29
9145	43
9146	14
9147	46
9148	7
9149	4
9150	51
9151	39
9152	4
9153	31
9154	46
9155	17
9156	1
9157	1
9158	11
9159	44
9160	43
9161	13
9162	5
9163	1
9164	1
9165	28
9166	45
9167	17
9168	35
9169	20
9170	22
9171	8
9172	23
9173	6
9174	41
9175	22
9176	14
9177	61
9178	28
9179	17
9180	6
9181	1
9182	21
9183	4
9184	28
9185	53
9186	8
9187	28
9188	4
9189	40
9190	9
9191	48
9192	25
9193	19
9194	13
9195	4
9196	26
9197	33
9198	5
9199	5
9200	2
9201	28
9202	21
9203	22
9204	6
9205	1
9206	3
9207	1
9208	10
9209	32
9210	2
9211	4
9212	6
9213	8
9214	7
9215	33
9216	6
9217	4
9218	21
9219	33
9220	17
9221	4
9222	6
9223	12
9224	21
9225	13
9226	38
9227	12
9228	17
9229	26
9230	14
9231	4
9232	17
9233	3
9234	44
9235	8
9236	7
9237	1
9238	38
9239	2
9240	5
9241	51
9242	1
9243	27
9244	40
9245	50
9246	52
9247	13
9248	2
9249	3
9250	40
9251	26
9252	8
9253	22
9254	56
9255	61
9256	37
9257	1
9258	13
9259	1
9260	5
9261	7
9262	16
9263	14
9264	8
9265	12
9266	7
9267	2
9268	3
9269	29
9270	22
9271	6
9272	16
9273	7
9274	4
9275	47
9276	58
9277	5
9278	31
9279	5
9280	18
9281	4
9282	50
9283	17
9284	2
9285	24
9286	7
9287	16
9288	9
9289	7
9290	34
9291	58
9292	26
9293	31
9294	24
9295	35
9296	2
9297	24
9298	44
9299	52
9300	46
9301	3
9302	17
9303	35
9304	6
9305	7
9306	5
9307	26
9308	58
9309	46
9310	16
9311	1
9312	8
9313	13
9314	9
9315	2
9316	54
9317	42
9318	13
9319	22
9320	37
9321	12
9322	4
9323	43
9324	1
9325	5
9326	20
9327	18
9328	1
9329	4
9330	15
9331	19
9332	38
9333	49
9334	4
9335	6
9336	8
9337	2
9338	47
9339	6
9340	30
9341	9
9342	12
9343	33
9344	4
9345	40
9346	6
9347	4
9348	19
9349	27
9350	29
9351	1
9352	16
9353	3
9354	50
9355	2
9356	19
9357	7
9358	54
9359	22
9360	14
9361	54
9362	52
9363	4
9364	9
9365	31
9366	36
9367	1
9368	20
9369	53
9370	45
9371	19
9372	2
9373	21
9374	3
9375	9
9376	4
9377	60
9378	9
9379	31
9380	3
9381	2
9382	28
9383	2
9384	50
9385	17
9386	16
9387	25
9388	21
9389	1
9390	53
9391	14
9392	31
9393	19
9394	19
9395	31
9396	50
9397	41
9398	3
9399	1
9400	60
9401	6
9402	3
9403	5
9404	3
9405	46
9406	7
9407	37
9408	47
9409	9
9410	8
9411	36
9412	3
9413	4
9414	4
9415	47
9416	31
9417	6
9418	52
9419	5
9420	6
9421	3
9422	2
9423	4
9424	3
9425	40
9426	35
9427	2
9428	39
9429	11
9430	3
9431	4
9432	60
9433	19
9434	2
9435	12
9436	2
9437	43
9438	7
9439	25
9440	36
9441	21
9442	5
9443	49
9444	6
9445	33
9446	1
9447	13
9448	53
9449	19
9450	8
9451	8
9452	44
9453	35
9454	4
9455	4
9456	8
9457	14
9458	43
9459	24
9460	17
9461	17
9462	7
9463	55
9464	8
9465	25
9466	55
9467	7
9468	54
9469	19
9470	5
9471	2
9472	21
9473	52
9474	1
9475	34
9476	31
9477	4
9478	15
9479	49
9480	48
9481	6
9482	25
9483	5
9484	11
9485	20
9486	6
9487	1
9488	7
9489	4
9490	3
9491	13
9492	32
9493	2
9494	42
9495	32
9496	38
9497	1
9498	6
9499	39
9500	22
9501	3
9502	4
9503	34
9504	8
9505	3
9506	2
9507	18
9508	25
9509	3
9510	3
9511	1
9512	20
9513	2
9514	56
9515	42
9516	15
9517	4
9518	43
9519	4
9520	1
9521	10
9522	18
9523	19
9524	14
9525	5
9526	9
9527	1
9528	55
9529	6
9530	1
9531	22
9532	39
9533	1
9534	9
9535	7
9536	26
9537	5
9538	1
9539	8
9540	2
9541	1
9542	52
9543	36
9544	14
9545	45
9546	12
9547	7
9548	3
9549	56
9550	6
9551	7
9552	9
9553	8
9554	5
9555	10
9556	7
9557	20
9558	22
9559	10
9560	35
9561	31
9562	27
9563	42
9564	6
9565	34
9566	12
9567	12
9568	1
9569	15
9570	6
9571	20
9572	26
9573	8
9574	1
9575	2
9576	23
9577	46
9578	22
9579	19
9580	12
9581	4
9582	3
9583	48
9584	17
9585	3
9586	34
9587	30
9588	39
9589	41
9590	5
9591	30
9592	2
9593	40
9594	4
9595	5
9596	5
9597	1
9598	33
9599	8
9600	11
9601	1
9602	27
9603	15
9604	3
9605	4
9606	11
9607	2
9608	6
9609	3
9610	14
9611	13
9612	21
9613	14
9614	2
9615	5
9616	34
9617	5
9618	22
9619	6
9620	56
9621	3
9622	6
9623	9
9624	16
9625	23
9626	21
9627	1
9628	8
9629	41
9630	7
9631	5
9632	18
9633	12
9634	3
9635	3
9636	5
9637	4
9638	3
9639	6
9640	4
9641	4
9642	4
9643	46
9644	46
9645	3
9646	34
9647	3
9648	35
9649	39
9650	36
9651	7
9652	21
9653	5
9654	6
9655	58
9656	18
9657	46
9658	19
9659	7
9660	8
9661	32
9662	1
9663	15
9664	11
9665	64
9666	2
9667	2
9668	4
9669	4
9670	1
9671	38
9672	8
9673	4
9674	4
9675	23
9676	4
9677	35
9678	33
9679	2
9680	12
9681	13
9682	4
9683	4
9684	15
9685	23
9686	39
9687	7
9688	5
9689	10
9690	36
9691	3
9692	2
9693	8
9694	12
9695	9
9696	7
9697	53
9698	27
9699	15
9700	13
9701	6
9702	33
9703	11
9704	9
9705	10
9706	37
9707	3
9708	10
9709	31
9710	3
9711	24
9712	29
9713	54
9714	30
9715	60
9716	17
9717	4
9718	6
9719	7
9720	52
9721	10
9722	64
9723	10
9724	1
9725	26
9726	16
9727	6
9728	21
9729	17
9730	2
9731	28
9732	25
9733	31
9734	20
9735	13
9736	9
9737	20
9738	33
9739	45
9740	11
9741	37
9742	27
9743	28
9744	25
9745	21
9746	3
9747	32
9748	24
9749	6
9750	43
9751	55
9752	21
9753	2
9754	20
9755	28
9756	44
9757	12
9758	6
9759	8
9760	45
9761	5
9762	5
9763	7
9764	24
9765	3
9766	16
9767	9
9768	4
9769	19
9770	44
9771	2
9772	8
9773	1
9774	20
9775	5
9776	23
9777	11
9778	5
9779	4
9780	18
9781	20
9782	42
9783	1
9784	45
9785	37
9786	2
9787	15
9788	42
9789	2
9790	43
9791	33
9792	4
9793	5
9794	58
9795	24
9796	20
9797	1
9798	52
9799	4
9800	9
9801	10
9802	4
9803	31
9804	9
9805	12
9806	48
9807	37
9808	32
9809	46
9810	14
9811	54
9812	21
9813	31
9814	31
9815	41
9816	23
9817	15
9818	19
9819	46
9820	21
9821	1
9822	18
9823	47
9824	5
9825	13
9826	7
9827	15
9828	4
9829	62
9830	19
9831	6
9832	15
9833	8
9834	47
9835	3
9836	14
9837	13
9838	16
9839	43
9840	10
9841	6
9842	16
9843	54
9844	14
9845	55
9846	4
9847	19
9848	18
9849	20
9850	10
9851	26
9852	27
9853	48
9854	35
9855	52
9856	18
9857	3
9858	18
9859	19
9860	36
9861	5
9862	43
9863	45
9864	34
9865	21
9866	6
9867	3
9868	17
9869	53
9870	22
9871	24
9872	7
9873	22
9874	1
9875	25
9876	12
9877	7
9878	32
9879	13
9880	8
9881	5
9882	12
9883	29
9884	5
9885	2
9886	3
9887	11
9888	14
9889	16
9890	41
9891	1
9892	31
9893	1
9894	13
9895	2
9896	10
9897	14
9898	19
9899	7
9900	13
9901	12
9902	36
9903	12
9904	2
9905	13
9906	8
9907	63
9908	10
9909	27
9910	21
9911	27
9912	45
9913	43
9914	43
9915	14
9916	31
9917	34
9918	4
9919	3
9920	5
9921	26
9922	5
9923	41
9924	11
9925	7
9926	2
9927	11
9928	8
9929	6
9930	5
9931	17
9932	44
9933	17
9934	10
9935	3
9936	1
9937	55
9938	1
9939	28
9940	18
9941	6
9942	10
9943	17
9944	25
9945	18
9946	4
9947	40
9948	5
9949	47
9950	3
9951	5
9952	38
9953	4
9954	44
9955	4
9956	8
9957	8
9958	5
9959	2
9960	47
9961	34
9962	1
9963	2
9964	2
9965	55
9966	4
9967	26
9968	37
9969	35
9970	8
9971	4
9972	46
9973	3
9974	5
9975	7
9976	5
9977	24
9978	27
9979	1
9980	5
9981	44
9982	11
9983	6
9984	25
9985	63
9986	5
9987	1
9988	4
9989	10
9990	15
9991	37
9992	42
9993	28
9994	57
9995	35
9996	55
9997	4
9998	5
9999	12
10000	20
