1	10
1	19
1	23
1	27
1	51
1	65
1	71
1	73
1	78
1	80
1	92
1	113
1	130
1	132
1	141
1	148
1	166
1	174
1	188
1	203
1	208
1	211
1	256
1	268
1	288
1	305
1	311
1	368
1	396
1	408
1	416
1	417
1	465
1	471
1	476
1	535
1	542
1	544
1	566
1	569
1	572
1	614
1	637
1	664
1	669
1	713
1	751
1	796
2	9
2	17
2	32
2	41
2	49
2	54
2	57
2	60
2	64
2	87
2	90
2	108
2	115
2	155
2	168
2	171
2	179
2	182
2	187
2	190
2	193
2	207
2	213
2	219
2	245
2	248
2	257
2	272
2	285
2	302
2	310
2	322
2	381
2	435
2	446
2	457
2	475
2	487
2	538
2	611
2	620
2	650
2	665
2	670
2	689
2	690
2	726
2	798
3	7
3	8
3	24
3	25
3	46
3	47
3	61
3	63
3	82
3	93
3	95
3	103
3	109
3	118
3	123
3	137
3	153
3	180
3	230
3	233
3	241
3	251
3	263
3	265
3	279
3	282
3	295
3	320
3	328
3	337
3	345
3	351
3	394
3	406
3	442
3	504
3	534
3	545
3	570
3	629
3	638
3	642
3	708
3	723
3	749
3	797
4	5
4	15
4	16
4	20
4	43
4	78
4	79
4	102
4	103
4	105
4	112
4	114
4	117
4	120
4	121
4	131
4	135
4	157
4	167
4	176
4	220
4	235
4	249
4	253
4	284
4	303
4	315
4	324
4	331
4	333
4	336
4	342
4	350
4	353
4	386
4	447
4	464
4	470
4	500
4	592
4	609
4	654
4	696
4	700
4	720
4	738
5	18
5	19
5	20
5	35
5	37
5	44
5	53
5	72
5	81
5	86
5	96
5	105
5	112
5	120
5	121
5	138
5	163
5	202
5	218
5	253
5	254
5	260
5	267
5	283
5	303
5	314
5	324
5	331
5	334
5	336
5	350
5	372
5	411
5	413
5	429
5	438
5	497
5	524
5	527
5	610
5	700
5	705
6	12
6	13
6	18
6	22
6	28
6	30
6	31
6	38
6	39
6	41
6	45
6	48
6	59
6	71
6	72
6	85
6	139
6	147
6	152
6	162
6	172
6	181
6	216
6	252
6	278
6	298
6	312
6	332
6	335
6	356
6	357
6	360
6	365
6	380
6	413
6	419
6	433
6	469
6	564
6	580
6	599
6	711
6	730
7	11
7	46
7	47
7	55
7	60
7	61
7	63
7	66
7	95
7	98
7	119
7	136
7	139
7	144
7	153
7	156
7	216
7	228
7	233
7	280
7	295
7	304
7	328
7	337
7	363
7	364
7	389
7	406
7	466
7	485
7	486
7	490
7	547
7	591
7	608
7	629
7	630
7	643
7	683
7	749
7	778
7	797
8	21
8	25
8	30
8	36
8	40
8	41
8	42
8	50
8	62
8	74
8	80
8	101
8	127
8	140
8	142
8	181
8	185
8	191
8	199
8	247
8	258
8	314
8	338
8	390
8	409
8	441
8	449
8	453
8	459
8	478
8	554
8	567
8	656
8	658
8	662
8	672
8	709
8	741
8	748
8	765
9	17
9	32
9	49
9	54
9	57
9	64
9	87
9	90
9	108
9	115
9	155
9	179
9	196
9	201
9	213
9	219
9	227
9	238
9	248
9	250
9	266
9	275
9	302
9	322
9	330
9	387
9	426
9	439
9	462
9	492
9	543
9	598
9	603
9	611
9	670
9	671
9	692
9	718
9	753
9	761
10	19
10	21
10	23
10	51
10	65
10	73
10	78
10	92
10	113
10	130
10	174
10	203
10	208
10	219
10	228
10	240
10	256
10	268
10	288
10	305
10	311
10	396
10	399
10	418
10	463
10	465
10	484
10	542
10	569
10	624
10	637
10	673
10	713
10	721
10	733
10	740
10	746
10	747
10	772
11	24
11	60
11	63
11	66
11	95
11	98
11	100
11	119
11	133
11	136
11	137
11	144
11	175
11	182
11	221
11	227
11	246
11	263
11	264
11	279
11	281
11	282
11	295
11	316
11	337
11	345
11	359
11	463
11	470
11	493
11	579
11	583
11	587
11	628
11	630
11	636
11	649
11	680
11	763
12	13
12	18
12	22
12	28
12	31
12	38
12	48
12	71
12	72
12	77
12	85
12	116
12	124
12	145
12	147
12	149
12	152
12	170
12	216
12	278
12	309
12	312
12	327
12	332
12	356
12	368
12	373
12	403
12	516
12	519
12	522
12	529
12	533
12	560
12	599
12	607
12	612
12	766
12	792
13	17
13	18
13	22
13	28
13	31
13	38
13	39
13	46
13	48
13	59
13	72
13	77
13	107
13	140
13	145
13	147
13	149
13	152
13	172
13	205
13	217
13	270
13	309
13	355
13	433
13	445
13	502
13	510
13	522
13	523
13	552
13	599
13	607
13	641
13	685
13	766
13	775
14	26
14	34
14	52
14	64
14	66
14	86
14	88
14	114
14	126
14	128
14	159
14	161
14	178
14	184
14	189
14	198
14	200
14	259
14	262
14	289
14	313
14	319
14	344
14	346
14	369
14	383
14	391
14	422
14	443
14	460
14	461
14	468
14	474
14	503
14	532
14	539
14	577
14	675
14	677
15	16
15	19
15	20
15	23
15	26
15	35
15	37
15	43
15	44
15	58
15	81
15	96
15	105
15	112
15	117
15	120
15	147
15	164
15	186
15	210
15	226
15	235
15	249
15	260
15	458
15	512
15	518
15	573
15	602
15	631
15	657
15	679
15	700
15	727
15	734
15	743
15	777
16	20
16	37
16	43
16	44
16	53
16	58
16	81
16	101
16	114
16	163
16	164
16	254
16	267
16	291
16	298
16	300
16	314
16	315
16	333
16	361
16	372
16	399
16	405
16	412
16	438
16	452
16	466
16	482
16	549
16	609
16	610
16	653
16	694
16	696
16	720
16	725
17	32
17	49
17	54
17	57
17	64
17	90
17	115
17	171
17	179
17	201
17	205
17	207
17	213
17	245
17	248
17	277
17	302
17	326
17	330
17	426
17	435
17	439
17	469
17	475
17	477
17	506
17	507
17	513
17	520
17	536
17	611
17	620
17	671
17	726
17	728
18	22
18	28
18	31
18	39
18	45
18	48
18	55
18	59
18	71
18	77
18	85
18	116
18	152
18	181
18	278
18	327
18	355
18	356
18	380
18	385
18	395
18	398
18	403
18	440
18	480
18	533
18	547
18	560
18	562
18	681
18	711
18	724
18	774
19	23
19	73
19	92
19	113
19	132
19	141
19	148
19	173
19	208
19	240
19	256
19	266
19	268
19	269
19	307
19	311
19	396
19	414
19	416
19	421
19	488
19	525
19	535
19	566
19	572
19	595
19	597
19	614
19	624
19	637
19	713
19	733
19	755
20	43
20	53
20	81
20	107
20	121
20	135
20	138
20	155
20	176
20	218
20	224
20	226
20	301
20	302
20	333
20	334
20	353
20	420
20	444
20	464
20	508
20	527
20	575
20	596
20	598
20	655
20	734
20	743
20	746
20	785
20	787
20	789
21	25
21	30
21	36
21	40
21	41
21	42
21	50
21	56
21	74
21	80
21	94
21	101
21	134
21	138
21	191
21	195
21	204
21	236
21	242
21	299
21	339
21	366
21	370
21	377
21	409
21	479
21	491
21	526
21	571
21	646
21	656
21	658
21	699
21	735
22	28
22	31
22	38
22	39
22	45
22	48
22	77
22	85
22	94
22	124
22	167
22	205
22	229
22	252
22	270
22	309
22	327
22	332
22	356
22	368
22	373
22	395
22	398
22	403
22	433
22	454
22	506
22	533
22	561
22	674
22	752
23	51
23	65
23	78
23	92
23	113
23	130
23	132
23	141
23	208
23	256
23	269
23	414
23	416
23	418
23	434
23	476
23	483
23	488
23	540
23	551
23	566
23	572
23	595
23	607
23	622
23	624
23	633
23	664
23	746
23	772
23	796
24	60
24	61
24	63
24	66
24	82
24	95
24	100
24	104
24	119
24	139
24	153
24	158
24	193
24	227
24	228
24	229
24	233
24	238
24	241
24	246
24	279
24	280
24	337
24	351
24	363
24	400
24	438
24	485
24	628
24	661
24	710
24	731
24	754
25	30
25	33
25	36
25	40
25	41
25	42
25	50
25	56
25	68
25	74
25	75
25	101
25	134
25	140
25	142
25	185
25	192
25	195
25	261
25	340
25	366
25	370
25	467
25	558
25	567
25	584
25	625
25	646
25	699
25	706
25	748
25	793
26	52
26	88
26	104
26	125
26	126
26	151
26	161
26	165
26	184
26	189
26	200
26	233
26	259
26	269
26	306
26	341
26	344
26	346
26	383
26	391
26	407
26	422
26	460
26	474
26	489
26	532
26	582
26	585
26	645
26	666
26	704
26	742
26	776
27	29
27	34
27	67
27	83
27	84
27	89
27	97
27	99
27	106
27	122
27	209
27	212
27	225
27	231
27	244
27	288
27	354
27	362
27	375
27	415
27	424
27	455
27	456
27	529
27	537
27	541
27	546
27	588
27	589
27	592
27	621
27	678
27	687
28	39
28	45
28	48
28	59
28	71
28	72
28	85
28	116
28	152
28	216
28	234
28	278
28	296
28	308
28	325
28	327
28	335
28	365
28	371
28	373
28	419
28	445
28	472
28	475
28	559
28	578
28	691
28	722
28	774
29	34
29	67
29	84
29	88
29	91
29	97
29	99
29	106
29	110
29	121
29	122
29	160
29	169
29	212
29	276
29	294
29	296
29	307
29	349
29	430
29	456
29	546
29	556
29	582
29	594
29	619
29	621
29	648
29	668
29	703
29	727
29	750
30	33
30	36
30	40
30	42
30	50
30	56
30	58
30	74
30	76
30	140
30	204
30	261
30	299
30	339
30	347
30	376
30	390
30	410
30	516
30	537
30	554
30	558
30	616
30	625
30	651
30	672
30	693
30	748
30	765
31	38
31	48
31	59
31	71
31	72
31	77
31	85
31	145
31	152
31	162
31	167
31	177
31	216
31	232
31	270
31	312
31	327
31	332
31	357
31	373
31	380
31	398
31	419
31	472
31	502
31	510
31	684
31	735
32	40
32	49
32	54
32	57
32	90
32	146
32	168
32	187
32	190
32	207
32	213
32	245
32	255
32	266
32	272
32	273
32	285
32	292
32	326
32	330
32	426
32	437
32	492
32	520
32	620
32	667
32	676
32	705
32	762
33	36
33	40
33	41
33	56
33	62
33	68
33	75
33	76
33	80
33	94
33	101
33	127
33	134
33	140
33	204
33	236
33	242
33	261
33	347
33	379
33	392
33	409
33	449
33	467
33	478
33	522
33	612
33	651
33	741
33	748
34	70
34	83
34	91
34	97
34	106
34	109
34	122
34	154
34	169
34	197
34	209
34	231
34	244
34	271
34	276
34	303
34	349
34	404
34	430
34	456
34	473
34	521
34	588
34	619
34	623
34	682
34	686
34	757
35	37
35	44
35	59
35	79
35	81
35	96
35	106
35	107
35	131
35	138
35	186
35	202
35	226
35	234
35	235
35	324
35	333
35	334
35	367
35	384
35	411
35	458
35	466
35	500
35	527
35	595
35	610
35	718
35	729
36	42
36	50
36	56
36	74
36	75
36	76
36	80
36	94
36	134
36	140
36	192
36	242
36	312
36	339
36	379
36	516
36	554
36	567
36	614
36	617
36	618
36	651
36	656
36	672
36	688
36	741
37	81
37	112
37	113
37	117
37	121
37	138
37	164
37	176
37	249
37	254
37	284
37	300
37	318
37	342
37	361
37	389
37	420
37	423
37	429
37	447
37	498
37	505
37	513
37	688
37	700
37	736
37	738
38	39
38	42
38	45
38	59
38	72
38	77
38	90
38	96
38	124
38	149
38	172
38	181
38	217
38	440
38	511
38	530
38	533
38	559
38	560
38	565
38	580
38	613
38	615
38	715
38	730
38	774
39	45
39	48
39	63
39	64
39	71
39	77
39	152
39	162
39	217
39	308
39	312
39	355
39	360
39	433
39	445
39	472
39	480
39	502
39	519
39	528
39	578
39	613
39	715
39	792
40	42
40	50
40	56
40	62
40	74
40	75
40	76
40	94
40	98
40	127
40	191
40	273
40	323
40	376
40	377
40	409
40	428
40	449
40	537
40	571
40	617
40	699
40	709
40	765
41	42
41	50
41	56
41	62
41	94
41	101
41	127
41	183
41	191
41	192
41	195
41	242
41	247
41	323
41	338
41	347
41	366
41	410
41	467
41	526
41	537
41	625
41	646
41	662
42	50
42	56
42	62
42	74
42	75
42	101
42	127
42	185
42	195
42	236
42	347
42	370
42	379
42	428
42	554
42	571
42	618
42	625
42	657
42	741
42	793
43	44
43	58
43	79
43	102
43	117
43	121
43	131
43	163
43	186
43	235
43	249
43	254
43	274
43	331
43	350
43	384
43	386
43	412
43	452
43	505
43	535
43	609
43	694
43	718
43	788
44	49
44	107
44	112
44	114
44	122
44	135
44	213
44	226
44	283
44	291
44	303
44	324
44	361
44	405
44	411
44	436
44	470
44	573
44	653
44	654
44	694
44	718
44	769
45	59
45	82
45	130
45	147
45	149
45	152
45	162
45	216
45	278
45	309
45	335
45	371
45	385
45	433
45	487
45	523
45	562
45	564
45	626
45	685
45	706
45	792
46	47
46	55
46	61
46	63
46	66
46	98
46	100
46	137
46	175
46	180
46	199
46	243
46	246
46	253
46	290
46	304
46	320
46	509
46	581
46	590
46	627
46	629
46	636
46	661
46	759
47	55
47	82
47	93
47	95
47	103
47	136
47	139
47	143
47	150
47	180
47	199
47	229
47	246
47	264
47	280
47	304
47	328
47	359
47	393
47	425
47	486
47	488
47	504
47	591
47	701
48	59
48	71
48	77
48	116
48	158
48	172
48	232
48	356
48	433
48	447
48	450
48	472
48	480
48	502
48	523
48	528
48	641
48	691
48	752
48	775
49	87
49	179
49	187
49	196
49	201
49	250
49	272
49	310
49	381
49	446
49	457
49	462
49	536
49	540
49	557
49	594
49	620
49	659
49	693
49	695
49	719
49	761
50	56
50	62
50	68
50	74
50	80
50	101
50	140
50	163
50	182
50	185
50	191
50	246
50	366
50	453
50	478
50	479
50	662
51	78
51	113
51	132
51	148
51	166
51	173
51	211
51	277
51	305
51	311
51	393
51	408
51	418
51	434
51	535
51	540
51	544
51	569
51	572
51	772
51	778
51	794
52	86
52	88
52	104
52	128
52	147
52	157
52	165
52	177
52	189
52	215
52	306
52	329
52	369
52	460
52	474
52	532
52	539
52	582
52	585
52	704
52	776
52	781
52	799
53	58
53	105
53	120
53	135
53	138
53	163
53	164
53	202
53	234
53	254
53	300
53	303
53	334
53	336
53	350
53	367
53	384
53	458
53	523
53	596
53	631
53	783
54	57
54	64
54	144
54	193
54	196
54	213
54	219
54	257
54	273
54	277
54	285
54	302
54	310
54	326
54	330
54	374
54	506
54	507
54	543
54	568
54	632
55	63
55	66
55	82
55	98
55	100
55	123
55	136
55	139
55	165
55	170
55	194
55	221
55	230
55	295
55	320
55	389
55	499
55	579
55	593
55	771
55	778
56	62
56	68
56	75
56	80
56	94
56	134
56	185
56	217
56	264
56	348
56	359
56	571
56	584
56	639
56	646
57	64
57	87
57	90
57	115
57	146
57	168
57	207
57	245
57	250
57	257
57	273
57	381
57	384
57	426
57	513
57	538
57	543
57	689
57	692
58	79
58	102
58	107
58	117
58	131
58	224
58	235
58	252
58	283
58	291
58	300
58	331
58	333
58	413
58	438
58	444
58	500
58	602
58	696
59	111
59	152
59	172
59	205
59	281
59	308
59	312
59	371
59	519
59	528
59	561
59	564
59	565
59	706
59	730
60	61
60	63
60	82
60	93
60	98
60	123
60	156
60	228
60	243
60	263
60	283
60	317
60	425
60	547
60	630
60	680
60	714
60	723
60	749
60	784
61	75
61	100
61	103
61	118
61	153
61	170
61	215
61	228
61	279
61	316
61	345
61	363
61	442
61	490
61	636
61	643
61	660
61	707
62	75
62	127
62	134
62	140
62	142
62	247
62	258
62	299
62	338
62	390
62	444
62	584
62	618
62	735
62	754
63	123
63	133
63	139
63	194
63	251
63	389
63	400
63	451
63	593
63	630
63	636
63	643
63	675
63	763
64	108
64	115
64	168
64	171
64	190
64	238
64	248
64	275
64	330
64	387
64	439
64	457
64	632
64	693
64	798
65	78
65	92
65	113
65	130
65	141
65	173
65	186
65	203
65	269
65	311
65	414
65	483
65	484
65	569
65	740
65	744
65	756
65	764
66	144
66	158
66	199
66	221
66	227
66	251
66	265
66	328
66	359
66	427
66	638
66	643
66	698
66	714
66	797
67	70
67	83
67	106
67	109
67	110
67	111
67	112
67	129
67	160
67	169
67	206
67	223
67	296
67	321
67	375
67	404
67	521
67	556
67	648
68	76
68	80
68	101
68	105
68	127
68	142
68	185
68	191
68	192
68	276
68	339
68	390
68	392
68	410
68	516
68	646
68	663
69	70
69	83
69	84
69	91
69	106
69	110
69	111
69	122
69	206
69	212
69	237
69	244
69	296
69	305
69	311
69	321
69	354
69	404
69	553
69	687
69	703
70	79
70	91
70	99
70	106
70	111
70	152
70	244
70	287
70	294
70	297
70	307
70	343
70	430
70	521
70	640
70	647
70	697
71	72
71	77
71	167
71	172
71	332
71	395
71	511
71	514
71	559
71	560
71	561
71	612
72	85
72	145
72	149
72	167
72	201
72	440
72	530
72	561
72	604
72	607
72	691
72	766
73	92
73	141
73	166
73	173
73	174
73	188
73	208
73	305
73	408
73	451
73	453
73	476
73	483
73	484
73	572
73	586
73	673
74	80
74	142
74	258
74	261
74	323
74	328
74	436
74	478
74	479
74	618
74	639
74	735
75	80
75	127
75	142
75	195
75	204
75	236
75	261
75	370
75	377
75	459
75	616
75	743
76	126
76	142
76	192
76	236
76	242
76	258
76	347
76	348
76	377
76	494
76	526
76	656
76	672
76	793
77	100
77	149
77	355
77	365
77	546
77	559
77	562
77	626
77	681
77	752
78	130
78	148
78	203
78	208
78	240
78	256
78	269
78	416
78	434
78	435
78	465
78	484
78	721
79	102
79	131
79	163
79	210
79	253
79	284
79	333
79	336
79	411
79	444
79	497
79	705
79	712
79	720
80	134
80	140
80	192
80	195
80	204
80	247
80	377
80	441
80	449
81	96
81	107
81	117
81	121
81	164
81	253
81	431
81	512
81	518
81	524
81	694
81	769
81	787
82	98
82	150
82	170
82	182
82	229
82	230
82	233
82	359
82	628
82	629
82	642
82	767
82	791
83	84
83	97
83	154
83	183
83	197
83	206
83	209
83	223
83	296
83	307
83	321
83	592
83	623
83	697
83	734
84	91
84	109
84	111
84	197
84	237
84	374
84	415
84	456
84	494
84	531
84	542
84	568
84	576
84	715
85	125
85	162
85	181
85	355
85	445
85	510
85	522
85	613
85	622
85	711
85	800
86	88
86	104
86	128
86	165
86	178
86	344
86	358
86	397
86	431
86	443
86	474
86	550
86	684
86	781
86	785
87	90
87	153
87	155
87	184
87	190
87	272
87	302
87	326
87	402
87	520
87	667
87	670
87	692
87	761
88	104
88	125
88	126
88	189
88	214
88	306
88	358
88	495
88	501
88	650
88	677
88	781
88	786
89	106
89	109
89	110
89	129
89	154
89	169
89	209
89	237
89	244
89	296
89	378
89	455
89	531
89	556
89	601
89	717
89	793
90	115
90	190
90	196
90	219
90	432
90	487
90	491
90	507
90	587
90	728
90	798
91	154
91	197
91	231
91	287
91	297
91	375
91	404
91	448
91	471
91	474
91	647
91	668
92	143
92	173
92	203
92	288
92	393
92	434
92	471
92	652
92	673
92	721
92	731
93	103
93	119
93	123
93	133
93	150
93	172
93	182
93	243
93	246
93	282
93	508
93	579
93	587
93	754
94	140
94	176
94	185
94	204
94	236
94	339
94	558
94	617
94	672
94	793
95	100
95	103
95	136
95	137
95	150
95	153
95	318
95	563
95	591
95	698
95	701
95	791
96	102
96	107
96	120
96	149
96	226
96	318
96	334
96	342
96	524
96	549
96	718
96	773
97	99
97	111
97	160
97	183
97	244
97	320
97	374
97	481
97	521
97	589
97	605
97	606
97	779
98	150
98	170
98	184
98	199
98	221
98	233
98	290
98	570
98	782
99	109
99	154
99	183
99	231
99	374
99	378
99	411
99	481
99	576
99	621
99	652
99	757
100	133
100	139
100	182
100	282
100	363
100	534
100	545
100	583
100	634
101	185
101	371
101	441
101	459
101	639
101	658
101	758
102	163
102	235
102	260
102	324
102	333
102	405
102	411
102	413
102	428
102	558
103	170
103	180
103	199
103	280
103	394
103	517
103	701
103	767
103	795
104	151
104	157
104	159
104	165
104	215
104	255
104	329
104	397
104	503
104	647
105	120
105	128
105	135
105	260
105	284
105	314
105	466
105	477
105	524
105	575
106	111
106	293
106	343
106	378
106	430
106	481
106	648
107	117
107	224
107	249
107	315
107	342
107	458
107	500
107	745
108	115
108	155
108	219
108	275
108	285
108	437
108	446
108	487
108	520
108	543
108	635
108	725
109	183
109	307
109	343
109	404
109	456
109	529
109	553
109	601
109	757
110	111
110	160
110	206
110	294
110	315
110	340
110	415
110	424
110	456
110	561
110	594
111	119
111	122
111	154
111	237
111	546
111	553
111	601
112	131
112	234
112	260
112	267
112	284
112	436
112	498
112	734
112	788
113	132
113	141
113	188
113	211
113	483
113	542
113	586
113	669
114	135
114	234
114	324
114	412
114	423
114	444
114	477
114	505
114	602
114	720
114	736
115	146
115	258
115	273
115	292
115	302
115	455
115	506
115	644
116	145
116	147
116	172
116	217
116	236
116	309
116	335
116	403
116	555
116	560
116	649
117	171
117	220
117	235
117	365
117	382
117	609
117	702
118	144
118	221
118	227
118	239
118	348
118	400
118	406
118	427
118	450
118	485
118	493
118	590
119	199
119	230
119	359
119	406
119	493
119	587
119	660
119	710
119	723
120	237
120	382
120	444
120	470
120	524
120	527
120	596
120	743
121	220
121	226
121	301
121	388
121	452
121	575
121	688
122	160
122	197
122	223
122	225
122	448
122	541
122	556
122	621
123	263
123	279
123	498
123	499
123	545
123	629
123	710
123	749
123	771
124	145
124	152
124	172
124	205
124	235
124	365
124	398
124	419
124	523
124	559
124	649
125	165
125	259
125	262
125	319
125	358
125	383
125	391
125	431
125	468
125	600
125	677
126	177
126	178
126	200
126	259
126	289
126	329
126	391
126	432
126	501
126	645
127	134
127	200
127	242
127	272
127	618
127	748
128	151
128	159
128	161
128	184
128	313
128	344
128	383
128	403
128	577
128	790
129	160
129	183
129	209
129	212
129	237
129	296
129	343
129	448
129	531
129	541
129	605
129	797
130	148
130	240
130	393
130	414
130	417
130	488
130	572
130	652
131	186
131	202
131	207
131	226
131	303
131	382
131	411
131	773
132	166
132	173
132	174
132	188
132	211
132	249
132	421
132	637
132	751
133	139
133	158
133	241
133	304
133	394
133	400
133	450
133	581
133	588
133	767
134	204
134	247
134	348
134	390
134	441
134	537
135	186
135	220
135	248
135	283
135	382
135	725
135	785
136	156
136	194
136	208
136	228
136	233
136	304
136	517
136	763
137	282
137	325
137	351
137	583
137	587
137	593
137	616
137	634
137	710
138	186
138	220
138	241
138	284
138	336
138	382
138	458
139	168
139	170
139	182
139	698
139	770
140	185
140	236
140	347
141	148
141	150
141	166
141	311
141	408
141	434
141	746
142	191
142	258
142	289
142	459
142	571
142	658
143	156
143	158
143	170
143	251
143	351
143	359
143	400
143	427
143	504
143	606
143	708
144	194
144	230
144	241
144	263
144	394
144	442
144	451
144	608
145	167
145	232
145	298
145	530
145	612
145	724
145	736
146	185
146	187
146	201
146	212
146	432
146	439
146	538
146	635
146	695
146	762
147	216
147	327
147	385
147	419
147	552
147	613
148	173
148	203
148	484
148	551
148	597
148	634
148	733
149	335
149	371
149	420
149	445
149	454
149	612
150	263
150	279
150	425
150	509
150	563
150	759
150	784
151	161
151	198
151	200
151	222
151	319
151	408
151	460
151	495
151	548
151	585
152	216
152	360
153	158
153	175
153	227
153	251
153	515
153	782
153	795
154	206
154	271
154	343
154	494
154	605
154	617
154	760
155	266
155	273
155	317
155	383
155	439
155	611
155	635
155	676
156	175
156	182
156	233
156	295
156	364
156	707
156	723
156	729
156	739
157	161
157	214
157	274
157	319
157	341
157	358
157	650
157	674
157	790
158	199
158	351
158	406
158	427
158	493
158	628
159	184
159	200
159	255
159	271
159	532
159	548
159	666
159	675
159	800
160	169
160	340
160	553
160	588
160	589
160	755
161	165
161	286
161	329
161	397
161	503
161	691
161	742
162	308
162	380
162	395
162	403
162	593
162	626
162	706
163	318
163	399
163	438
163	702
163	783
164	350
164	423
164	525
164	549
164	598
164	727
164	736
165	184
165	329
165	422
165	489
165	555
166	203
166	210
166	240
166	463
166	471
166	569
166	755
167	195
167	252
167	332
167	419
167	519
167	622
168	193
168	201
168	213
168	446
168	676
168	692
168	761
169	197
169	293
169	349
169	374
169	473
169	574
169	648
170	228
170	262
170	264
170	590
171	201
171	207
171	248
171	266
171	277
171	492
171	665
171	690
172	232
172	252
172	356
173	240
173	290
173	393
173	597
173	740
174	218
174	269
174	421
174	463
174	551
174	566
174	632
174	664
175	265
175	281
175	364
175	389
175	680
175	683
175	771
175	784
176	249
176	412
176	464
176	500
176	512
176	527
176	560
176	745
177	198
177	255
177	259
177	289
177	536
177	675
177	684
177	704
177	786
178	215
178	292
178	313
178	329
178	346
178	369
178	461
178	548
178	756
179	248
179	257
179	277
179	310
179	387
179	432
179	600
179	690
180	290
180	364
180	451
180	583
180	623
180	717
180	770
180	778
181	217
181	286
181	380
181	580
181	649
181	681
181	722
182	239
182	243
182	264
182	290
183	321
183	374
183	375
183	481
183	494
183	619
184	189
184	215
184	274
184	582
184	716
185	339
185	449
186	342
186	386
186	438
186	447
186	732
187	207
187	506
187	543
187	600
187	613
187	632
187	665
188	203
188	301
188	525
188	544
188	551
188	768
188	780
189	200
189	214
189	341
189	352
189	391
189	468
190	493
190	557
190	659
190	671
190	693
190	726
191	242
191	363
191	410
191	453
192	370
192	557
192	709
192	735
192	741
193	201
193	248
193	277
193	322
193	457
193	538
193	611
194	230
194	281
194	316
194	504
194	534
194	638
194	797
195	323
195	467
195	617
195	666
196	238
196	248
196	275
196	402
196	412
196	491
196	520
197	206
197	287
197	297
197	375
197	455
198	274
198	313
198	369
198	430
198	468
198	501
198	550
198	650
199	228
199	490
199	771
200	222
200	407
200	431
200	550
201	317
201	437
201	670
202	218
202	226
202	300
202	314
202	334
202	413
202	737
203	260
203	396
203	421
204	261
204	348
204	479
204	616
205	252
205	395
205	445
205	522
205	711
205	724
206	294
206	415
206	568
206	640
206	685
207	250
207	424
207	435
207	491
208	416
208	418
208	663
208	764
209	223
209	276
209	296
209	339
209	605
209	678
210	224
210	253
210	291
210	315
210	689
210	725
210	745
210	777
211	268
211	305
211	378
211	535
211	637
211	733
211	751
212	237
212	349
212	621
212	757
212	779
213	330
213	469
213	798
214	319
214	344
214	474
214	645
214	716
214	756
214	776
215	344
215	443
215	577
215	582
215	781
216	715
216	766
217	308
217	309
217	365
217	792
218	220
218	342
218	367
218	384
218	505
218	732
219	273
219	285
219	513
219	719
220	354
220	413
220	729
220	743
221	243
221	281
221	512
221	642
221	739
222	262
222	289
222	352
222	391
222	407
222	495
222	532
222	565
223	225
223	390
223	494
223	576
223	682
223	760
224	331
224	353
224	382
224	423
224	654
224	751
225	276
225	293
225	294
225	307
225	349
225	386
225	779
226	379
226	500
227	229
227	450
227	490
227	660
228	264
228	515
229	251
229	265
229	389
229	427
229	504
230	241
230	279
230	369
230	767
231	340
231	345
231	375
231	424
231	455
231	678
232	270
232	511
232	533
232	539
232	615
232	752
233	241
233	708
234	367
234	386
234	401
234	405
234	452
235	413
235	696
236	258
236	571
237	354
237	678
237	703
238	275
238	381
238	439
238	462
238	492
238	536
239	280
239	290
239	295
239	328
239	534
239	580
239	593
239	795
240	408
240	414
240	463
240	775
241	486
241	517
241	771
242	348
242	584
242	651
243	304
243	308
243	427
243	581
243	606
244	287
244	481
244	521
244	682
245	250
245	257
245	387
245	462
245	719
245	761
246	450
246	545
246	570
246	754
247	377
247	409
247	567
247	655
247	783
248	644
249	353
249	477
249	700
250	310
250	536
250	602
250	665
250	695
251	265
251	579
251	596
251	759
252	286
252	357
252	368
252	561
253	260
253	331
253	549
253	653
254	333
254	429
254	508
254	570
255	259
255	262
255	274
255	329
255	577
256	544
256	581
256	764
256	794
257	292
257	330
257	402
257	491
258	370
258	516
259	352
259	674
259	684
260	524
260	720
261	376
261	758
261	764
262	313
262	341
262	489
262	582
263	425
263	509
263	531
264	316
264	325
264	717
265	515
265	579
265	606
265	708
266	275
266	292
266	387
266	469
267	280
267	315
267	361
267	399
267	753
267	789
268	417
268	544
268	739
268	744
268	780
269	465
269	663
269	744
270	360
270	368
270	454
270	472
270	564
271	276
271	297
271	340
271	531
271	686
271	760
272	292
272	317
272	426
272	659
273	275
273	557
274	352
274	495
274	539
274	548
275	435
275	518
276	340
276	362
276	496
277	317
277	492
277	690
278	309
278	357
278	578
278	685
279	295
279	485
280	328
280	581
280	661
281	345
281	451
281	547
281	770
282	304
282	504
282	517
282	739
283	447
283	497
283	498
283	783
284	303
284	476
284	753
285	302
285	667
285	692
285	699
286	356
286	398
286	454
286	510
286	552
286	752
287	294
287	321
287	343
287	425
287	686
288	416
288	586
288	673
288	747
288	751
289	346
289	407
289	756
289	799
290	442
290	490
290	499
291	367
291	401
291	429
291	436
291	653
292	491
292	557
292	603
293	362
293	404
293	415
293	473
293	496
293	697
294	531
294	553
294	760
295	338
295	485
296	687
297	374
297	415
297	496
297	745
298	514
298	565
298	615
298	685
298	766
299	339
299	459
299	526
299	656
299	758
300	318
300	423
300	726
301	384
301	420
301	610
301	679
301	688
303	773
304	579
305	417
305	525
306	341
306	397
306	539
306	776
306	786
307	568
307	682
308	335
308	502
309	577
310	506
310	538
310	635
311	471
312	327
312	511
313	346
313	461
313	548
314	412
314	482
314	497
315	436
315	482
316	509
316	547
316	590
316	608
317	475
317	538
317	762
318	497
318	609
318	737
319	341
319	443
319	501
320	427
320	608
320	763
320	770
321	441
321	496
321	574
322	432
322	644
322	671
322	695
322	744
323	392
323	558
323	640
323	662
324	530
324	575
325	389
325	442
325	707
325	717
325	731
326	439
326	513
326	635
326	713
327	514
328	707
329	675
330	665
331	679
331	789
332	385
332	639
334	444
334	549
335	352
335	355
336	422
336	508
336	789
337	406
337	570
337	634
337	731
338	409
338	410
338	655
338	658
340	349
340	494
341	555
341	777
342	447
342	782
343	424
343	697
344	397
344	517
345	485
345	680
345	708
346	489
346	503
346	555
347	366
347	402
348	392
348	616
349	574
349	589
350	417
350	602
350	610
351	638
351	661
351	707
352	461
352	704
352	742
353	477
353	573
353	753
353	788
354	430
354	473
354	576
354	687
355	356
355	626
357	510
357	545
357	559
357	604
358	443
358	489
358	550
358	800
360	454
360	510
360	649
361	497
361	498
361	712
362	594
362	668
362	757
362	765
363	364
363	791
364	547
364	698
365	398
366	376
366	462
367	549
367	789
368	373
368	502
369	383
369	397
370	651
371	724
371	730
372	505
372	527
372	598
372	785
372	788
373	599
373	792
375	395
376	576
376	639
376	709
377	392
378	388
378	576
378	648
379	441
379	526
379	537
380	480
380	769
381	435
381	513
381	627
382	710
383	799
384	436
385	434
385	565
385	681
386	399
386	518
387	446
387	457
388	496
388	529
388	568
388	592
388	668
390	758
391	501
392	655
392	795
393	525
393	669
394	442
394	563
394	570
395	562
396	535
396	664
396	764
397	539
398	622
399	452
399	470
400	759
400	782
401	511
401	732
401	736
401	738
401	773
402	469
402	475
402	728
403	519
404	750
405	470
405	554
405	712
406	770
407	422
407	460
407	800
408	544
409	578
410	449
410	558
412	420
414	664
414	673
415	430
416	484
417	747
417	796
418	586
418	732
418	768
419	514
420	657
420	777
421	525
421	652
421	755
422	716
422	790
423	518
423	737
424	521
424	750
425	515
425	680
426	432
426	693
428	459
428	478
428	479
428	516
429	464
429	482
429	712
431	443
431	532
431	684
432	603
433	768
434	669
435	667
436	575
437	440
437	507
437	620
437	676
438	477
440	528
440	604
440	774
441	526
442	499
443	786
445	784
446	507
446	689
447	657
448	553
448	603
448	647
448	779
449	453
450	731
451	714
452	729
453	625
454	607
455	703
457	671
458	738
460	716
461	666
461	742
462	543
463	595
464	498
464	503
465	633
465	740
466	512
466	702
467	699
467	765
468	786
468	799
469	600
471	624
472	552
473	541
473	750
475	667
476	488
476	597
478	554
479	655
480	519
480	574
481	574
482	727
482	737
483	573
483	663
486	517
486	581
486	591
487	632
487	670
488	614
489	501
490	627
492	600
493	563
495	555
495	585
496	687
499	550
499	791
503	674
505	508
507	689
508	737
509	683
509	784
511	641
512	783
514	523
514	715
515	608
515	778
518	787
520	719
522	641
528	564
528	775
529	640
529	682
530	578
530	580
533	562
534	754
534	759
536	719
540	542
540	633
540	747
541	556
541	686
542	796
545	642
546	589
546	697
548	645
550	790
551	633
551	714
552	615
552	691
555	666
556	619
557	762
562	583
563	583
563	782
564	604
565	578
566	595
566	633
567	584
567	624
568	668
569	768
573	657
573	773
574	592
575	694
577	776
580	722
584	758
585	781
585	799
586	614
586	659
588	619
590	683
591	627
594	623
596	654
597	780
598	769
599	641
601	605
601	623
603	644
604	615
606	636
622	775
626	706
627	660
628	643
630	661
631	727
631	729
631	738
634	717
638	767
640	760
642	763
644	728
645	704
647	686
650	742
652	780
653	702
654	688
659	676
660	701
662	709
663	768
669	780
674	756
677	788
677	800
678	703
679	732
679	785
681	774
683	723
690	726
695	728
696	705
698	787
701	791
702	753
705	725
711	722
712	787
713	794
714	795
716	790
721	772
721	794
722	724
730	772
733	744
734	745
739	749
740	746
747	794
750	779
755	796
762	798
769	777
